729 8748
1 2 3 4 5 6 7 8 9 18 27 36 45 54 63 72 81 162 243 324 405 486 567 648 
0 2 3 4 5 6 7 8 10 19 28 37 46 55 64 73 82 163 244 325 406 487 568 649 
0 1 3 4 5 6 7 8 11 20 29 38 47 56 65 74 83 164 245 326 407 488 569 650 
0 1 2 4 5 6 7 8 12 21 30 39 48 57 66 75 84 165 246 327 408 489 570 651 
0 1 2 3 5 6 7 8 13 22 31 40 49 58 67 76 85 166 247 328 409 490 571 652 
0 1 2 3 4 6 7 8 14 23 32 41 50 59 68 77 86 167 248 329 410 491 572 653 
0 1 2 3 4 5 7 8 15 24 33 42 51 60 69 78 87 168 249 330 411 492 573 654 
0 1 2 3 4 5 6 8 16 25 34 43 52 61 70 79 88 169 250 331 412 493 574 655 
0 1 2 3 4 5 6 7 17 26 35 44 53 62 71 80 89 170 251 332 413 494 575 656 
10 11 12 13 14 15 16 17 0 18 27 36 45 54 63 72 90 171 252 333 414 495 576 657 
9 11 12 13 14 15 16 17 1 19 28 37 46 55 64 73 91 172 253 334 415 496 577 658 
9 10 12 13 14 15 16 17 2 20 29 38 47 56 65 74 92 173 254 335 416 497 578 659 
9 10 11 13 14 15 16 17 3 21 30 39 48 57 66 75 93 174 255 336 417 498 579 660 
9 10 11 12 14 15 16 17 4 22 31 40 49 58 67 76 94 175 256 337 418 499 580 661 
9 10 11 12 13 15 16 17 5 23 32 41 50 59 68 77 95 176 257 338 419 500 581 662 
9 10 11 12 13 14 16 17 6 24 33 42 51 60 69 78 96 177 258 339 420 501 582 663 
9 10 11 12 13 14 15 17 7 25 34 43 52 61 70 79 97 178 259 340 421 502 583 664 
9 10 11 12 13 14 15 16 8 26 35 44 53 62 71 80 98 179 260 341 422 503 584 665 
19 20 21 22 23 24 25 26 0 9 27 36 45 54 63 72 99 180 261 342 423 504 585 666 
18 20 21 22 23 24 25 26 1 10 28 37 46 55 64 73 100 181 262 343 424 505 586 667 
18 19 21 22 23 24 25 26 2 11 29 38 47 56 65 74 101 182 263 344 425 506 587 668 
18 19 20 22 23 24 25 26 3 12 30 39 48 57 66 75 102 183 264 345 426 507 588 669 
18 19 20 21 23 24 25 26 4 13 31 40 49 58 67 76 103 184 265 346 427 508 589 670 
18 19 20 21 22 24 25 26 5 14 32 41 50 59 68 77 104 185 266 347 428 509 590 671 
18 19 20 21 22 23 25 26 6 15 33 42 51 60 69 78 105 186 267 348 429 510 591 672 
18 19 20 21 22 23 24 26 7 16 34 43 52 61 70 79 106 187 268 349 430 511 592 673 
18 19 20 21 22 23 24 25 8 17 35 44 53 62 71 80 107 188 269 350 431 512 593 674 
28 29 30 31 32 33 34 35 0 9 18 36 45 54 63 72 108 189 270 351 432 513 594 675 
27 29 30 31 32 33 34 35 1 10 19 37 46 55 64 73 109 190 271 352 433 514 595 676 
27 28 30 31 32 33 34 35 2 11 20 38 47 56 65 74 110 191 272 353 434 515 596 677 
27 28 29 31 32 33 34 35 3 12 21 39 48 57 66 75 111 192 273 354 435 516 597 678 
27 28 29 30 32 33 34 35 4 13 22 40 49 58 67 76 112 193 274 355 436 517 598 679 
27 28 29 30 31 33 34 35 5 14 23 41 50 59 68 77 113 194 275 356 437 518 599 680 
27 28 29 30 31 32 34 35 6 15 24 42 51 60 69 78 114 195 276 357 438 519 600 681 
27 28 29 30 31 32 33 35 7 16 25 43 52 61 70 79 115 196 277 358 439 520 601 682 
27 28 29 30 31 32 33 34 8 17 26 44 53 62 71 80 116 197 278 359 440 521 602 683 
37 38 39 40 41 42 43 44 0 9 18 27 45 54 63 72 117 198 279 360 441 522 603 684 
36 38 39 40 41 42 43 44 1 10 19 28 46 55 64 73 118 199 280 361 442 523 604 685 
36 37 39 40 41 42 43 44 2 11 20 29 47 56 65 74 119 200 281 362 443 524 605 686 
36 37 38 40 41 42 43 44 3 12 21 30 48 57 66 75 120 201 282 363 444 525 606 687 
36 37 38 39 41 42 43 44 4 13 22 31 49 58 67 76 121 202 283 364 445 526 607 688 
36 37 38 39 40 42 43 44 5 14 23 32 50 59 68 77 122 203 284 365 446 527 608 689 
36 37 38 39 40 41 43 44 6 15 24 33 51 60 69 78 123 204 285 366 447 528 609 690 
36 37 38 39 40 41 42 44 7 16 25 34 52 61 70 79 124 205 286 367 448 529 610 691 
36 37 38 39 40 41 42 43 8 17 26 35 53 62 71 80 125 206 287 368 449 530 611 692 
46 47 48 49 50 51 52 53 0 9 18 27 36 54 63 72 126 207 288 369 450 531 612 693 
45 47 48 49 50 51 52 53 1 10 19 28 37 55 64 73 127 208 289 370 451 532 613 694 
45 46 48 49 50 51 52 53 2 11 20 29 38 56 65 74 128 209 290 371 452 533 614 695 
45 46 47 49 50 51 52 53 3 12 21 30 39 57 66 75 129 210 291 372 453 534 615 696 
45 46 47 48 50 51 52 53 4 13 22 31 40 58 67 76 130 211 292 373 454 535 616 697 
45 46 47 48 49 51 52 53 5 14 23 32 41 59 68 77 131 212 293 374 455 536 617 698 
45 46 47 48 49 50 52 53 6 15 24 33 42 60 69 78 132 213 294 375 456 537 618 699 
45 46 47 48 49 50 51 53 7 16 25 34 43 61 70 79 133 214 295 376 457 538 619 700 
45 46 47 48 49 50 51 52 8 17 26 35 44 62 71 80 134 215 296 377 458 539 620 701 
55 56 57 58 59 60 61 62 0 9 18 27 36 45 63 72 135 216 297 378 459 540 621 702 
54 56 57 58 59 60 61 62 1 10 19 28 37 46 64 73 136 217 298 379 460 541 622 703 
54 55 57 58 59 60 61 62 2 11 20 29 38 47 65 74 137 218 299 380 461 542 623 704 
54 55 56 58 59 60 61 62 3 12 21 30 39 48 66 75 138 219 300 381 462 543 624 705 
54 55 56 57 59 60 61 62 4 13 22 31 40 49 67 76 139 220 301 382 463 544 625 706 
54 55 56 57 58 60 61 62 5 14 23 32 41 50 68 77 140 221 302 383 464 545 626 707 
54 55 56 57 58 59 61 62 6 15 24 33 42 51 69 78 141 222 303 384 465 546 627 708 
54 55 56 57 58 59 60 62 7 16 25 34 43 52 70 79 142 223 304 385 466 547 628 709 
54 55 56 57 58 59 60 61 8 17 26 35 44 53 71 80 143 224 305 386 467 548 629 710 
64 65 66 67 68 69 70 71 0 9 18 27 36 45 54 72 144 225 306 387 468 549 630 711 
63 65 66 67 68 69 70 71 1 10 19 28 37 46 55 73 145 226 307 388 469 550 631 712 
63 64 66 67 68 69 70 71 2 11 20 29 38 47 56 74 146 227 308 389 470 551 632 713 
63 64 65 67 68 69 70 71 3 12 21 30 39 48 57 75 147 228 309 390 471 552 633 714 
63 64 65 66 68 69 70 71 4 13 22 31 40 49 58 76 148 229 310 391 472 553 634 715 
63 64 65 66 67 69 70 71 5 14 23 32 41 50 59 77 149 230 311 392 473 554 635 716 
63 64 65 66 67 68 70 71 6 15 24 33 42 51 60 78 150 231 312 393 474 555 636 717 
63 64 65 66 67 68 69 71 7 16 25 34 43 52 61 79 151 232 313 394 475 556 637 718 
63 64 65 66 67 68 69 70 8 17 26 35 44 53 62 80 152 233 314 395 476 557 638 719 
73 74 75 76 77 78 79 80 0 9 18 27 36 45 54 63 153 234 315 396 477 558 639 720 
72 74 75 76 77 78 79 80 1 10 19 28 37 46 55 64 154 235 316 397 478 559 640 721 
72 73 75 76 77 78 79 80 2 11 20 29 38 47 56 65 155 236 317 398 479 560 641 722 
72 73 74 76 77 78 79 80 3 12 21 30 39 48 57 66 156 237 318 399 480 561 642 723 
72 73 74 75 77 78 79 80 4 13 22 31 40 49 58 67 157 238 319 400 481 562 643 724 
72 73 74 75 76 78 79 80 5 14 23 32 41 50 59 68 158 239 320 401 482 563 644 725 
72 73 74 75 76 77 79 80 6 15 24 33 42 51 60 69 159 240 321 402 483 564 645 726 
72 73 74 75 76 77 78 80 7 16 25 34 43 52 61 70 160 241 322 403 484 565 646 727 
72 73 74 75 76 77 78 79 8 17 26 35 44 53 62 71 161 242 323 404 485 566 647 728 
82 83 84 85 86 87 88 89 90 99 108 117 126 135 144 153 0 162 243 324 405 486 567 648 
81 83 84 85 86 87 88 89 91 100 109 118 127 136 145 154 1 163 244 325 406 487 568 649 
81 82 84 85 86 87 88 89 92 101 110 119 128 137 146 155 2 164 245 326 407 488 569 650 
81 82 83 85 86 87 88 89 93 102 111 120 129 138 147 156 3 165 246 327 408 489 570 651 
81 82 83 84 86 87 88 89 94 103 112 121 130 139 148 157 4 166 247 328 409 490 571 652 
81 82 83 84 85 87 88 89 95 104 113 122 131 140 149 158 5 167 248 329 410 491 572 653 
81 82 83 84 85 86 88 89 96 105 114 123 132 141 150 159 6 168 249 330 411 492 573 654 
81 82 83 84 85 86 87 89 97 106 115 124 133 142 151 160 7 169 250 331 412 493 574 655 
81 82 83 84 85 86 87 88 98 107 116 125 134 143 152 161 8 170 251 332 413 494 575 656 
91 92 93 94 95 96 97 98 81 99 108 117 126 135 144 153 9 171 252 333 414 495 576 657 
90 92 93 94 95 96 97 98 82 100 109 118 127 136 145 154 10 172 253 334 415 496 577 658 
90 91 93 94 95 96 97 98 83 101 110 119 128 137 146 155 11 173 254 335 416 497 578 659 
90 91 92 94 95 96 97 98 84 102 111 120 129 138 147 156 12 174 255 336 417 498 579 660 
90 91 92 93 95 96 97 98 85 103 112 121 130 139 148 157 13 175 256 337 418 499 580 661 
90 91 92 93 94 96 97 98 86 104 113 122 131 140 149 158 14 176 257 338 419 500 581 662 
90 91 92 93 94 95 97 98 87 105 114 123 132 141 150 159 15 177 258 339 420 501 582 663 
90 91 92 93 94 95 96 98 88 106 115 124 133 142 151 160 16 178 259 340 421 502 583 664 
90 91 92 93 94 95 96 97 89 107 116 125 134 143 152 161 17 179 260 341 422 503 584 665 
100 101 102 103 104 105 106 107 81 90 108 117 126 135 144 153 18 180 261 342 423 504 585 666 
99 101 102 103 104 105 106 107 82 91 109 118 127 136 145 154 19 181 262 343 424 505 586 667 
99 100 102 103 104 105 106 107 83 92 110 119 128 137 146 155 20 182 263 344 425 506 587 668 
99 100 101 103 104 105 106 107 84 93 111 120 129 138 147 156 21 183 264 345 426 507 588 669 
99 100 101 102 104 105 106 107 85 94 112 121 130 139 148 157 22 184 265 346 427 508 589 670 
99 100 101 102 103 105 106 107 86 95 113 122 131 140 149 158 23 185 266 347 428 509 590 671 
99 100 101 102 103 104 106 107 87 96 114 123 132 141 150 159 24 186 267 348 429 510 591 672 
99 100 101 102 103 104 105 107 88 97 115 124 133 142 151 160 25 187 268 349 430 511 592 673 
99 100 101 102 103 104 105 106 89 98 116 125 134 143 152 161 26 188 269 350 431 512 593 674 
109 110 111 112 113 114 115 116 81 90 99 117 126 135 144 153 27 189 270 351 432 513 594 675 
108 110 111 112 113 114 115 116 82 91 100 118 127 136 145 154 28 190 271 352 433 514 595 676 
108 109 111 112 113 114 115 116 83 92 101 119 128 137 146 155 29 191 272 353 434 515 596 677 
108 109 110 112 113 114 115 116 84 93 102 120 129 138 147 156 30 192 273 354 435 516 597 678 
108 109 110 111 113 114 115 116 85 94 103 121 130 139 148 157 31 193 274 355 436 517 598 679 
108 109 110 111 112 114 115 116 86 95 104 122 131 140 149 158 32 194 275 356 437 518 599 680 
108 109 110 111 112 113 115 116 87 96 105 123 132 141 150 159 33 195 276 357 438 519 600 681 
108 109 110 111 112 113 114 116 88 97 106 124 133 142 151 160 34 196 277 358 439 520 601 682 
108 109 110 111 112 113 114 115 89 98 107 125 134 143 152 161 35 197 278 359 440 521 602 683 
118 119 120 121 122 123 124 125 81 90 99 108 126 135 144 153 36 198 279 360 441 522 603 684 
117 119 120 121 122 123 124 125 82 91 100 109 127 136 145 154 37 199 280 361 442 523 604 685 
117 118 120 121 122 123 124 125 83 92 101 110 128 137 146 155 38 200 281 362 443 524 605 686 
117 118 119 121 122 123 124 125 84 93 102 111 129 138 147 156 39 201 282 363 444 525 606 687 
117 118 119 120 122 123 124 125 85 94 103 112 130 139 148 157 40 202 283 364 445 526 607 688 
117 118 119 120 121 123 124 125 86 95 104 113 131 140 149 158 41 203 284 365 446 527 608 689 
117 118 119 120 121 122 124 125 87 96 105 114 132 141 150 159 42 204 285 366 447 528 609 690 
117 118 119 120 121 122 123 125 88 97 106 115 133 142 151 160 43 205 286 367 448 529 610 691 
117 118 119 120 121 122 123 124 89 98 107 116 134 143 152 161 44 206 287 368 449 530 611 692 
127 128 129 130 131 132 133 134 81 90 99 108 117 135 144 153 45 207 288 369 450 531 612 693 
126 128 129 130 131 132 133 134 82 91 100 109 118 136 145 154 46 208 289 370 451 532 613 694 
126 127 129 130 131 132 133 134 83 92 101 110 119 137 146 155 47 209 290 371 452 533 614 695 
126 127 128 130 131 132 133 134 84 93 102 111 120 138 147 156 48 210 291 372 453 534 615 696 
126 127 128 129 131 132 133 134 85 94 103 112 121 139 148 157 49 211 292 373 454 535 616 697 
126 127 128 129 130 132 133 134 86 95 104 113 122 140 149 158 50 212 293 374 455 536 617 698 
126 127 128 129 130 131 133 134 87 96 105 114 123 141 150 159 51 213 294 375 456 537 618 699 
126 127 128 129 130 131 132 134 88 97 106 115 124 142 151 160 52 214 295 376 457 538 619 700 
126 127 128 129 130 131 132 133 89 98 107 116 125 143 152 161 53 215 296 377 458 539 620 701 
136 137 138 139 140 141 142 143 81 90 99 108 117 126 144 153 54 216 297 378 459 540 621 702 
135 137 138 139 140 141 142 143 82 91 100 109 118 127 145 154 55 217 298 379 460 541 622 703 
135 136 138 139 140 141 142 143 83 92 101 110 119 128 146 155 56 218 299 380 461 542 623 704 
135 136 137 139 140 141 142 143 84 93 102 111 120 129 147 156 57 219 300 381 462 543 624 705 
135 136 137 138 140 141 142 143 85 94 103 112 121 130 148 157 58 220 301 382 463 544 625 706 
135 136 137 138 139 141 142 143 86 95 104 113 122 131 149 158 59 221 302 383 464 545 626 707 
135 136 137 138 139 140 142 143 87 96 105 114 123 132 150 159 60 222 303 384 465 546 627 708 
135 136 137 138 139 140 141 143 88 97 106 115 124 133 151 160 61 223 304 385 466 547 628 709 
135 136 137 138 139 140 141 142 89 98 107 116 125 134 152 161 62 224 305 386 467 548 629 710 
145 146 147 148 149 150 151 152 81 90 99 108 117 126 135 153 63 225 306 387 468 549 630 711 
144 146 147 148 149 150 151 152 82 91 100 109 118 127 136 154 64 226 307 388 469 550 631 712 
144 145 147 148 149 150 151 152 83 92 101 110 119 128 137 155 65 227 308 389 470 551 632 713 
144 145 146 148 149 150 151 152 84 93 102 111 120 129 138 156 66 228 309 390 471 552 633 714 
144 145 146 147 149 150 151 152 85 94 103 112 121 130 139 157 67 229 310 391 472 553 634 715 
144 145 146 147 148 150 151 152 86 95 104 113 122 131 140 158 68 230 311 392 473 554 635 716 
144 145 146 147 148 149 151 152 87 96 105 114 123 132 141 159 69 231 312 393 474 555 636 717 
144 145 146 147 148 149 150 152 88 97 106 115 124 133 142 160 70 232 313 394 475 556 637 718 
144 145 146 147 148 149 150 151 89 98 107 116 125 134 143 161 71 233 314 395 476 557 638 719 
154 155 156 157 158 159 160 161 81 90 99 108 117 126 135 144 72 234 315 396 477 558 639 720 
153 155 156 157 158 159 160 161 82 91 100 109 118 127 136 145 73 235 316 397 478 559 640 721 
153 154 156 157 158 159 160 161 83 92 101 110 119 128 137 146 74 236 317 398 479 560 641 722 
153 154 155 157 158 159 160 161 84 93 102 111 120 129 138 147 75 237 318 399 480 561 642 723 
153 154 155 156 158 159 160 161 85 94 103 112 121 130 139 148 76 238 319 400 481 562 643 724 
153 154 155 156 157 159 160 161 86 95 104 113 122 131 140 149 77 239 320 401 482 563 644 725 
153 154 155 156 157 158 160 161 87 96 105 114 123 132 141 150 78 240 321 402 483 564 645 726 
153 154 155 156 157 158 159 161 88 97 106 115 124 133 142 151 79 241 322 403 484 565 646 727 
153 154 155 156 157 158 159 160 89 98 107 116 125 134 143 152 80 242 323 404 485 566 647 728 
163 164 165 166 167 168 169 170 171 180 189 198 207 216 225 234 0 81 243 324 405 486 567 648 
162 164 165 166 167 168 169 170 172 181 190 199 208 217 226 235 1 82 244 325 406 487 568 649 
162 163 165 166 167 168 169 170 173 182 191 200 209 218 227 236 2 83 245 326 407 488 569 650 
162 163 164 166 167 168 169 170 174 183 192 201 210 219 228 237 3 84 246 327 408 489 570 651 
162 163 164 165 167 168 169 170 175 184 193 202 211 220 229 238 4 85 247 328 409 490 571 652 
162 163 164 165 166 168 169 170 176 185 194 203 212 221 230 239 5 86 248 329 410 491 572 653 
162 163 164 165 166 167 169 170 177 186 195 204 213 222 231 240 6 87 249 330 411 492 573 654 
162 163 164 165 166 167 168 170 178 187 196 205 214 223 232 241 7 88 250 331 412 493 574 655 
162 163 164 165 166 167 168 169 179 188 197 206 215 224 233 242 8 89 251 332 413 494 575 656 
172 173 174 175 176 177 178 179 162 180 189 198 207 216 225 234 9 90 252 333 414 495 576 657 
171 173 174 175 176 177 178 179 163 181 190 199 208 217 226 235 10 91 253 334 415 496 577 658 
171 172 174 175 176 177 178 179 164 182 191 200 209 218 227 236 11 92 254 335 416 497 578 659 
171 172 173 175 176 177 178 179 165 183 192 201 210 219 228 237 12 93 255 336 417 498 579 660 
171 172 173 174 176 177 178 179 166 184 193 202 211 220 229 238 13 94 256 337 418 499 580 661 
171 172 173 174 175 177 178 179 167 185 194 203 212 221 230 239 14 95 257 338 419 500 581 662 
171 172 173 174 175 176 178 179 168 186 195 204 213 222 231 240 15 96 258 339 420 501 582 663 
171 172 173 174 175 176 177 179 169 187 196 205 214 223 232 241 16 97 259 340 421 502 583 664 
171 172 173 174 175 176 177 178 170 188 197 206 215 224 233 242 17 98 260 341 422 503 584 665 
181 182 183 184 185 186 187 188 162 171 189 198 207 216 225 234 18 99 261 342 423 504 585 666 
180 182 183 184 185 186 187 188 163 172 190 199 208 217 226 235 19 100 262 343 424 505 586 667 
180 181 183 184 185 186 187 188 164 173 191 200 209 218 227 236 20 101 263 344 425 506 587 668 
180 181 182 184 185 186 187 188 165 174 192 201 210 219 228 237 21 102 264 345 426 507 588 669 
180 181 182 183 185 186 187 188 166 175 193 202 211 220 229 238 22 103 265 346 427 508 589 670 
180 181 182 183 184 186 187 188 167 176 194 203 212 221 230 239 23 104 266 347 428 509 590 671 
180 181 182 183 184 185 187 188 168 177 195 204 213 222 231 240 24 105 267 348 429 510 591 672 
180 181 182 183 184 185 186 188 169 178 196 205 214 223 232 241 25 106 268 349 430 511 592 673 
180 181 182 183 184 185 186 187 170 179 197 206 215 224 233 242 26 107 269 350 431 512 593 674 
190 191 192 193 194 195 196 197 162 171 180 198 207 216 225 234 27 108 270 351 432 513 594 675 
189 191 192 193 194 195 196 197 163 172 181 199 208 217 226 235 28 109 271 352 433 514 595 676 
189 190 192 193 194 195 196 197 164 173 182 200 209 218 227 236 29 110 272 353 434 515 596 677 
189 190 191 193 194 195 196 197 165 174 183 201 210 219 228 237 30 111 273 354 435 516 597 678 
189 190 191 192 194 195 196 197 166 175 184 202 211 220 229 238 31 112 274 355 436 517 598 679 
189 190 191 192 193 195 196 197 167 176 185 203 212 221 230 239 32 113 275 356 437 518 599 680 
189 190 191 192 193 194 196 197 168 177 186 204 213 222 231 240 33 114 276 357 438 519 600 681 
189 190 191 192 193 194 195 197 169 178 187 205 214 223 232 241 34 115 277 358 439 520 601 682 
189 190 191 192 193 194 195 196 170 179 188 206 215 224 233 242 35 116 278 359 440 521 602 683 
199 200 201 202 203 204 205 206 162 171 180 189 207 216 225 234 36 117 279 360 441 522 603 684 
198 200 201 202 203 204 205 206 163 172 181 190 208 217 226 235 37 118 280 361 442 523 604 685 
198 199 201 202 203 204 205 206 164 173 182 191 209 218 227 236 38 119 281 362 443 524 605 686 
198 199 200 202 203 204 205 206 165 174 183 192 210 219 228 237 39 120 282 363 444 525 606 687 
198 199 200 201 203 204 205 206 166 175 184 193 211 220 229 238 40 121 283 364 445 526 607 688 
198 199 200 201 202 204 205 206 167 176 185 194 212 221 230 239 41 122 284 365 446 527 608 689 
198 199 200 201 202 203 205 206 168 177 186 195 213 222 231 240 42 123 285 366 447 528 609 690 
198 199 200 201 202 203 204 206 169 178 187 196 214 223 232 241 43 124 286 367 448 529 610 691 
198 199 200 201 202 203 204 205 170 179 188 197 215 224 233 242 44 125 287 368 449 530 611 692 
208 209 210 211 212 213 214 215 162 171 180 189 198 216 225 234 45 126 288 369 450 531 612 693 
207 209 210 211 212 213 214 215 163 172 181 190 199 217 226 235 46 127 289 370 451 532 613 694 
207 208 210 211 212 213 214 215 164 173 182 191 200 218 227 236 47 128 290 371 452 533 614 695 
207 208 209 211 212 213 214 215 165 174 183 192 201 219 228 237 48 129 291 372 453 534 615 696 
207 208 209 210 212 213 214 215 166 175 184 193 202 220 229 238 49 130 292 373 454 535 616 697 
207 208 209 210 211 213 214 215 167 176 185 194 203 221 230 239 50 131 293 374 455 536 617 698 
207 208 209 210 211 212 214 215 168 177 186 195 204 222 231 240 51 132 294 375 456 537 618 699 
207 208 209 210 211 212 213 215 169 178 187 196 205 223 232 241 52 133 295 376 457 538 619 700 
207 208 209 210 211 212 213 214 170 179 188 197 206 224 233 242 53 134 296 377 458 539 620 701 
217 218 219 220 221 222 223 224 162 171 180 189 198 207 225 234 54 135 297 378 459 540 621 702 
216 218 219 220 221 222 223 224 163 172 181 190 199 208 226 235 55 136 298 379 460 541 622 703 
216 217 219 220 221 222 223 224 164 173 182 191 200 209 227 236 56 137 299 380 461 542 623 704 
216 217 218 220 221 222 223 224 165 174 183 192 201 210 228 237 57 138 300 381 462 543 624 705 
216 217 218 219 221 222 223 224 166 175 184 193 202 211 229 238 58 139 301 382 463 544 625 706 
216 217 218 219 220 222 223 224 167 176 185 194 203 212 230 239 59 140 302 383 464 545 626 707 
216 217 218 219 220 221 223 224 168 177 186 195 204 213 231 240 60 141 303 384 465 546 627 708 
216 217 218 219 220 221 222 224 169 178 187 196 205 214 232 241 61 142 304 385 466 547 628 709 
216 217 218 219 220 221 222 223 170 179 188 197 206 215 233 242 62 143 305 386 467 548 629 710 
226 227 228 229 230 231 232 233 162 171 180 189 198 207 216 234 63 144 306 387 468 549 630 711 
225 227 228 229 230 231 232 233 163 172 181 190 199 208 217 235 64 145 307 388 469 550 631 712 
225 226 228 229 230 231 232 233 164 173 182 191 200 209 218 236 65 146 308 389 470 551 632 713 
225 226 227 229 230 231 232 233 165 174 183 192 201 210 219 237 66 147 309 390 471 552 633 714 
225 226 227 228 230 231 232 233 166 175 184 193 202 211 220 238 67 148 310 391 472 553 634 715 
225 226 227 228 229 231 232 233 167 176 185 194 203 212 221 239 68 149 311 392 473 554 635 716 
225 226 227 228 229 230 232 233 168 177 186 195 204 213 222 240 69 150 312 393 474 555 636 717 
225 226 227 228 229 230 231 233 169 178 187 196 205 214 223 241 70 151 313 394 475 556 637 718 
225 226 227 228 229 230 231 232 170 179 188 197 206 215 224 242 71 152 314 395 476 557 638 719 
235 236 237 238 239 240 241 242 162 171 180 189 198 207 216 225 72 153 315 396 477 558 639 720 
234 236 237 238 239 240 241 242 163 172 181 190 199 208 217 226 73 154 316 397 478 559 640 721 
234 235 237 238 239 240 241 242 164 173 182 191 200 209 218 227 74 155 317 398 479 560 641 722 
234 235 236 238 239 240 241 242 165 174 183 192 201 210 219 228 75 156 318 399 480 561 642 723 
234 235 236 237 239 240 241 242 166 175 184 193 202 211 220 229 76 157 319 400 481 562 643 724 
234 235 236 237 238 240 241 242 167 176 185 194 203 212 221 230 77 158 320 401 482 563 644 725 
234 235 236 237 238 239 241 242 168 177 186 195 204 213 222 231 78 159 321 402 483 564 645 726 
234 235 236 237 238 239 240 242 169 178 187 196 205 214 223 232 79 160 322 403 484 565 646 727 
234 235 236 237 238 239 240 241 170 179 188 197 206 215 224 233 80 161 323 404 485 566 647 728 
244 245 246 247 248 249 250 251 252 261 270 279 288 297 306 315 0 81 162 324 405 486 567 648 
243 245 246 247 248 249 250 251 253 262 271 280 289 298 307 316 1 82 163 325 406 487 568 649 
243 244 246 247 248 249 250 251 254 263 272 281 290 299 308 317 2 83 164 326 407 488 569 650 
243 244 245 247 248 249 250 251 255 264 273 282 291 300 309 318 3 84 165 327 408 489 570 651 
243 244 245 246 248 249 250 251 256 265 274 283 292 301 310 319 4 85 166 328 409 490 571 652 
243 244 245 246 247 249 250 251 257 266 275 284 293 302 311 320 5 86 167 329 410 491 572 653 
243 244 245 246 247 248 250 251 258 267 276 285 294 303 312 321 6 87 168 330 411 492 573 654 
243 244 245 246 247 248 249 251 259 268 277 286 295 304 313 322 7 88 169 331 412 493 574 655 
243 244 245 246 247 248 249 250 260 269 278 287 296 305 314 323 8 89 170 332 413 494 575 656 
253 254 255 256 257 258 259 260 243 261 270 279 288 297 306 315 9 90 171 333 414 495 576 657 
252 254 255 256 257 258 259 260 244 262 271 280 289 298 307 316 10 91 172 334 415 496 577 658 
252 253 255 256 257 258 259 260 245 263 272 281 290 299 308 317 11 92 173 335 416 497 578 659 
252 253 254 256 257 258 259 260 246 264 273 282 291 300 309 318 12 93 174 336 417 498 579 660 
252 253 254 255 257 258 259 260 247 265 274 283 292 301 310 319 13 94 175 337 418 499 580 661 
252 253 254 255 256 258 259 260 248 266 275 284 293 302 311 320 14 95 176 338 419 500 581 662 
252 253 254 255 256 257 259 260 249 267 276 285 294 303 312 321 15 96 177 339 420 501 582 663 
252 253 254 255 256 257 258 260 250 268 277 286 295 304 313 322 16 97 178 340 421 502 583 664 
252 253 254 255 256 257 258 259 251 269 278 287 296 305 314 323 17 98 179 341 422 503 584 665 
262 263 264 265 266 267 268 269 243 252 270 279 288 297 306 315 18 99 180 342 423 504 585 666 
261 263 264 265 266 267 268 269 244 253 271 280 289 298 307 316 19 100 181 343 424 505 586 667 
261 262 264 265 266 267 268 269 245 254 272 281 290 299 308 317 20 101 182 344 425 506 587 668 
261 262 263 265 266 267 268 269 246 255 273 282 291 300 309 318 21 102 183 345 426 507 588 669 
261 262 263 264 266 267 268 269 247 256 274 283 292 301 310 319 22 103 184 346 427 508 589 670 
261 262 263 264 265 267 268 269 248 257 275 284 293 302 311 320 23 104 185 347 428 509 590 671 
261 262 263 264 265 266 268 269 249 258 276 285 294 303 312 321 24 105 186 348 429 510 591 672 
261 262 263 264 265 266 267 269 250 259 277 286 295 304 313 322 25 106 187 349 430 511 592 673 
261 262 263 264 265 266 267 268 251 260 278 287 296 305 314 323 26 107 188 350 431 512 593 674 
271 272 273 274 275 276 277 278 243 252 261 279 288 297 306 315 27 108 189 351 432 513 594 675 
270 272 273 274 275 276 277 278 244 253 262 280 289 298 307 316 28 109 190 352 433 514 595 676 
270 271 273 274 275 276 277 278 245 254 263 281 290 299 308 317 29 110 191 353 434 515 596 677 
270 271 272 274 275 276 277 278 246 255 264 282 291 300 309 318 30 111 192 354 435 516 597 678 
270 271 272 273 275 276 277 278 247 256 265 283 292 301 310 319 31 112 193 355 436 517 598 679 
270 271 272 273 274 276 277 278 248 257 266 284 293 302 311 320 32 113 194 356 437 518 599 680 
270 271 272 273 274 275 277 278 249 258 267 285 294 303 312 321 33 114 195 357 438 519 600 681 
270 271 272 273 274 275 276 278 250 259 268 286 295 304 313 322 34 115 196 358 439 520 601 682 
270 271 272 273 274 275 276 277 251 260 269 287 296 305 314 323 35 116 197 359 440 521 602 683 
280 281 282 283 284 285 286 287 243 252 261 270 288 297 306 315 36 117 198 360 441 522 603 684 
279 281 282 283 284 285 286 287 244 253 262 271 289 298 307 316 37 118 199 361 442 523 604 685 
279 280 282 283 284 285 286 287 245 254 263 272 290 299 308 317 38 119 200 362 443 524 605 686 
279 280 281 283 284 285 286 287 246 255 264 273 291 300 309 318 39 120 201 363 444 525 606 687 
279 280 281 282 284 285 286 287 247 256 265 274 292 301 310 319 40 121 202 364 445 526 607 688 
279 280 281 282 283 285 286 287 248 257 266 275 293 302 311 320 41 122 203 365 446 527 608 689 
279 280 281 282 283 284 286 287 249 258 267 276 294 303 312 321 42 123 204 366 447 528 609 690 
279 280 281 282 283 284 285 287 250 259 268 277 295 304 313 322 43 124 205 367 448 529 610 691 
279 280 281 282 283 284 285 286 251 260 269 278 296 305 314 323 44 125 206 368 449 530 611 692 
289 290 291 292 293 294 295 296 243 252 261 270 279 297 306 315 45 126 207 369 450 531 612 693 
288 290 291 292 293 294 295 296 244 253 262 271 280 298 307 316 46 127 208 370 451 532 613 694 
288 289 291 292 293 294 295 296 245 254 263 272 281 299 308 317 47 128 209 371 452 533 614 695 
288 289 290 292 293 294 295 296 246 255 264 273 282 300 309 318 48 129 210 372 453 534 615 696 
288 289 290 291 293 294 295 296 247 256 265 274 283 301 310 319 49 130 211 373 454 535 616 697 
288 289 290 291 292 294 295 296 248 257 266 275 284 302 311 320 50 131 212 374 455 536 617 698 
288 289 290 291 292 293 295 296 249 258 267 276 285 303 312 321 51 132 213 375 456 537 618 699 
288 289 290 291 292 293 294 296 250 259 268 277 286 304 313 322 52 133 214 376 457 538 619 700 
288 289 290 291 292 293 294 295 251 260 269 278 287 305 314 323 53 134 215 377 458 539 620 701 
298 299 300 301 302 303 304 305 243 252 261 270 279 288 306 315 54 135 216 378 459 540 621 702 
297 299 300 301 302 303 304 305 244 253 262 271 280 289 307 316 55 136 217 379 460 541 622 703 
297 298 300 301 302 303 304 305 245 254 263 272 281 290 308 317 56 137 218 380 461 542 623 704 
297 298 299 301 302 303 304 305 246 255 264 273 282 291 309 318 57 138 219 381 462 543 624 705 
297 298 299 300 302 303 304 305 247 256 265 274 283 292 310 319 58 139 220 382 463 544 625 706 
297 298 299 300 301 303 304 305 248 257 266 275 284 293 311 320 59 140 221 383 464 545 626 707 
297 298 299 300 301 302 304 305 249 258 267 276 285 294 312 321 60 141 222 384 465 546 627 708 
297 298 299 300 301 302 303 305 250 259 268 277 286 295 313 322 61 142 223 385 466 547 628 709 
297 298 299 300 301 302 303 304 251 260 269 278 287 296 314 323 62 143 224 386 467 548 629 710 
307 308 309 310 311 312 313 314 243 252 261 270 279 288 297 315 63 144 225 387 468 549 630 711 
306 308 309 310 311 312 313 314 244 253 262 271 280 289 298 316 64 145 226 388 469 550 631 712 
306 307 309 310 311 312 313 314 245 254 263 272 281 290 299 317 65 146 227 389 470 551 632 713 
306 307 308 310 311 312 313 314 246 255 264 273 282 291 300 318 66 147 228 390 471 552 633 714 
306 307 308 309 311 312 313 314 247 256 265 274 283 292 301 319 67 148 229 391 472 553 634 715 
306 307 308 309 310 312 313 314 248 257 266 275 284 293 302 320 68 149 230 392 473 554 635 716 
306 307 308 309 310 311 313 314 249 258 267 276 285 294 303 321 69 150 231 393 474 555 636 717 
306 307 308 309 310 311 312 314 250 259 268 277 286 295 304 322 70 151 232 394 475 556 637 718 
306 307 308 309 310 311 312 313 251 260 269 278 287 296 305 323 71 152 233 395 476 557 638 719 
316 317 318 319 320 321 322 323 243 252 261 270 279 288 297 306 72 153 234 396 477 558 639 720 
315 317 318 319 320 321 322 323 244 253 262 271 280 289 298 307 73 154 235 397 478 559 640 721 
315 316 318 319 320 321 322 323 245 254 263 272 281 290 299 308 74 155 236 398 479 560 641 722 
315 316 317 319 320 321 322 323 246 255 264 273 282 291 300 309 75 156 237 399 480 561 642 723 
315 316 317 318 320 321 322 323 247 256 265 274 283 292 301 310 76 157 238 400 481 562 643 724 
315 316 317 318 319 321 322 323 248 257 266 275 284 293 302 311 77 158 239 401 482 563 644 725 
315 316 317 318 319 320 322 323 249 258 267 276 285 294 303 312 78 159 240 402 483 564 645 726 
315 316 317 318 319 320 321 323 250 259 268 277 286 295 304 313 79 160 241 403 484 565 646 727 
315 316 317 318 319 320 321 322 251 260 269 278 287 296 305 314 80 161 242 404 485 566 647 728 
325 326 327 328 329 330 331 332 333 342 351 360 369 378 387 396 0 81 162 243 405 486 567 648 
324 326 327 328 329 330 331 332 334 343 352 361 370 379 388 397 1 82 163 244 406 487 568 649 
324 325 327 328 329 330 331 332 335 344 353 362 371 380 389 398 2 83 164 245 407 488 569 650 
324 325 326 328 329 330 331 332 336 345 354 363 372 381 390 399 3 84 165 246 408 489 570 651 
324 325 326 327 329 330 331 332 337 346 355 364 373 382 391 400 4 85 166 247 409 490 571 652 
324 325 326 327 328 330 331 332 338 347 356 365 374 383 392 401 5 86 167 248 410 491 572 653 
324 325 326 327 328 329 331 332 339 348 357 366 375 384 393 402 6 87 168 249 411 492 573 654 
324 325 326 327 328 329 330 332 340 349 358 367 376 385 394 403 7 88 169 250 412 493 574 655 
324 325 326 327 328 329 330 331 341 350 359 368 377 386 395 404 8 89 170 251 413 494 575 656 
334 335 336 337 338 339 340 341 324 342 351 360 369 378 387 396 9 90 171 252 414 495 576 657 
333 335 336 337 338 339 340 341 325 343 352 361 370 379 388 397 10 91 172 253 415 496 577 658 
333 334 336 337 338 339 340 341 326 344 353 362 371 380 389 398 11 92 173 254 416 497 578 659 
333 334 335 337 338 339 340 341 327 345 354 363 372 381 390 399 12 93 174 255 417 498 579 660 
333 334 335 336 338 339 340 341 328 346 355 364 373 382 391 400 13 94 175 256 418 499 580 661 
333 334 335 336 337 339 340 341 329 347 356 365 374 383 392 401 14 95 176 257 419 500 581 662 
333 334 335 336 337 338 340 341 330 348 357 366 375 384 393 402 15 96 177 258 420 501 582 663 
333 334 335 336 337 338 339 341 331 349 358 367 376 385 394 403 16 97 178 259 421 502 583 664 
333 334 335 336 337 338 339 340 332 350 359 368 377 386 395 404 17 98 179 260 422 503 584 665 
343 344 345 346 347 348 349 350 324 333 351 360 369 378 387 396 18 99 180 261 423 504 585 666 
342 344 345 346 347 348 349 350 325 334 352 361 370 379 388 397 19 100 181 262 424 505 586 667 
342 343 345 346 347 348 349 350 326 335 353 362 371 380 389 398 20 101 182 263 425 506 587 668 
342 343 344 346 347 348 349 350 327 336 354 363 372 381 390 399 21 102 183 264 426 507 588 669 
342 343 344 345 347 348 349 350 328 337 355 364 373 382 391 400 22 103 184 265 427 508 589 670 
342 343 344 345 346 348 349 350 329 338 356 365 374 383 392 401 23 104 185 266 428 509 590 671 
342 343 344 345 346 347 349 350 330 339 357 366 375 384 393 402 24 105 186 267 429 510 591 672 
342 343 344 345 346 347 348 350 331 340 358 367 376 385 394 403 25 106 187 268 430 511 592 673 
342 343 344 345 346 347 348 349 332 341 359 368 377 386 395 404 26 107 188 269 431 512 593 674 
352 353 354 355 356 357 358 359 324 333 342 360 369 378 387 396 27 108 189 270 432 513 594 675 
351 353 354 355 356 357 358 359 325 334 343 361 370 379 388 397 28 109 190 271 433 514 595 676 
351 352 354 355 356 357 358 359 326 335 344 362 371 380 389 398 29 110 191 272 434 515 596 677 
351 352 353 355 356 357 358 359 327 336 345 363 372 381 390 399 30 111 192 273 435 516 597 678 
351 352 353 354 356 357 358 359 328 337 346 364 373 382 391 400 31 112 193 274 436 517 598 679 
351 352 353 354 355 357 358 359 329 338 347 365 374 383 392 401 32 113 194 275 437 518 599 680 
351 352 353 354 355 356 358 359 330 339 348 366 375 384 393 402 33 114 195 276 438 519 600 681 
351 352 353 354 355 356 357 359 331 340 349 367 376 385 394 403 34 115 196 277 439 520 601 682 
351 352 353 354 355 356 357 358 332 341 350 368 377 386 395 404 35 116 197 278 440 521 602 683 
361 362 363 364 365 366 367 368 324 333 342 351 369 378 387 396 36 117 198 279 441 522 603 684 
360 362 363 364 365 366 367 368 325 334 343 352 370 379 388 397 37 118 199 280 442 523 604 685 
360 361 363 364 365 366 367 368 326 335 344 353 371 380 389 398 38 119 200 281 443 524 605 686 
360 361 362 364 365 366 367 368 327 336 345 354 372 381 390 399 39 120 201 282 444 525 606 687 
360 361 362 363 365 366 367 368 328 337 346 355 373 382 391 400 40 121 202 283 445 526 607 688 
360 361 362 363 364 366 367 368 329 338 347 356 374 383 392 401 41 122 203 284 446 527 608 689 
360 361 362 363 364 365 367 368 330 339 348 357 375 384 393 402 42 123 204 285 447 528 609 690 
360 361 362 363 364 365 366 368 331 340 349 358 376 385 394 403 43 124 205 286 448 529 610 691 
360 361 362 363 364 365 366 367 332 341 350 359 377 386 395 404 44 125 206 287 449 530 611 692 
370 371 372 373 374 375 376 377 324 333 342 351 360 378 387 396 45 126 207 288 450 531 612 693 
369 371 372 373 374 375 376 377 325 334 343 352 361 379 388 397 46 127 208 289 451 532 613 694 
369 370 372 373 374 375 376 377 326 335 344 353 362 380 389 398 47 128 209 290 452 533 614 695 
369 370 371 373 374 375 376 377 327 336 345 354 363 381 390 399 48 129 210 291 453 534 615 696 
369 370 371 372 374 375 376 377 328 337 346 355 364 382 391 400 49 130 211 292 454 535 616 697 
369 370 371 372 373 375 376 377 329 338 347 356 365 383 392 401 50 131 212 293 455 536 617 698 
369 370 371 372 373 374 376 377 330 339 348 357 366 384 393 402 51 132 213 294 456 537 618 699 
369 370 371 372 373 374 375 377 331 340 349 358 367 385 394 403 52 133 214 295 457 538 619 700 
369 370 371 372 373 374 375 376 332 341 350 359 368 386 395 404 53 134 215 296 458 539 620 701 
379 380 381 382 383 384 385 386 324 333 342 351 360 369 387 396 54 135 216 297 459 540 621 702 
378 380 381 382 383 384 385 386 325 334 343 352 361 370 388 397 55 136 217 298 460 541 622 703 
378 379 381 382 383 384 385 386 326 335 344 353 362 371 389 398 56 137 218 299 461 542 623 704 
378 379 380 382 383 384 385 386 327 336 345 354 363 372 390 399 57 138 219 300 462 543 624 705 
378 379 380 381 383 384 385 386 328 337 346 355 364 373 391 400 58 139 220 301 463 544 625 706 
378 379 380 381 382 384 385 386 329 338 347 356 365 374 392 401 59 140 221 302 464 545 626 707 
378 379 380 381 382 383 385 386 330 339 348 357 366 375 393 402 60 141 222 303 465 546 627 708 
378 379 380 381 382 383 384 386 331 340 349 358 367 376 394 403 61 142 223 304 466 547 628 709 
378 379 380 381 382 383 384 385 332 341 350 359 368 377 395 404 62 143 224 305 467 548 629 710 
388 389 390 391 392 393 394 395 324 333 342 351 360 369 378 396 63 144 225 306 468 549 630 711 
387 389 390 391 392 393 394 395 325 334 343 352 361 370 379 397 64 145 226 307 469 550 631 712 
387 388 390 391 392 393 394 395 326 335 344 353 362 371 380 398 65 146 227 308 470 551 632 713 
387 388 389 391 392 393 394 395 327 336 345 354 363 372 381 399 66 147 228 309 471 552 633 714 
387 388 389 390 392 393 394 395 328 337 346 355 364 373 382 400 67 148 229 310 472 553 634 715 
387 388 389 390 391 393 394 395 329 338 347 356 365 374 383 401 68 149 230 311 473 554 635 716 
387 388 389 390 391 392 394 395 330 339 348 357 366 375 384 402 69 150 231 312 474 555 636 717 
387 388 389 390 391 392 393 395 331 340 349 358 367 376 385 403 70 151 232 313 475 556 637 718 
387 388 389 390 391 392 393 394 332 341 350 359 368 377 386 404 71 152 233 314 476 557 638 719 
397 398 399 400 401 402 403 404 324 333 342 351 360 369 378 387 72 153 234 315 477 558 639 720 
396 398 399 400 401 402 403 404 325 334 343 352 361 370 379 388 73 154 235 316 478 559 640 721 
396 397 399 400 401 402 403 404 326 335 344 353 362 371 380 389 74 155 236 317 479 560 641 722 
396 397 398 400 401 402 403 404 327 336 345 354 363 372 381 390 75 156 237 318 480 561 642 723 
396 397 398 399 401 402 403 404 328 337 346 355 364 373 382 391 76 157 238 319 481 562 643 724 
396 397 398 399 400 402 403 404 329 338 347 356 365 374 383 392 77 158 239 320 482 563 644 725 
396 397 398 399 400 401 403 404 330 339 348 357 366 375 384 393 78 159 240 321 483 564 645 726 
396 397 398 399 400 401 402 404 331 340 349 358 367 376 385 394 79 160 241 322 484 565 646 727 
396 397 398 399 400 401 402 403 332 341 350 359 368 377 386 395 80 161 242 323 485 566 647 728 
406 407 408 409 410 411 412 413 414 423 432 441 450 459 468 477 0 81 162 243 324 486 567 648 
405 407 408 409 410 411 412 413 415 424 433 442 451 460 469 478 1 82 163 244 325 487 568 649 
405 406 408 409 410 411 412 413 416 425 434 443 452 461 470 479 2 83 164 245 326 488 569 650 
405 406 407 409 410 411 412 413 417 426 435 444 453 462 471 480 3 84 165 246 327 489 570 651 
405 406 407 408 410 411 412 413 418 427 436 445 454 463 472 481 4 85 166 247 328 490 571 652 
405 406 407 408 409 411 412 413 419 428 437 446 455 464 473 482 5 86 167 248 329 491 572 653 
405 406 407 408 409 410 412 413 420 429 438 447 456 465 474 483 6 87 168 249 330 492 573 654 
405 406 407 408 409 410 411 413 421 430 439 448 457 466 475 484 7 88 169 250 331 493 574 655 
405 406 407 408 409 410 411 412 422 431 440 449 458 467 476 485 8 89 170 251 332 494 575 656 
415 416 417 418 419 420 421 422 405 423 432 441 450 459 468 477 9 90 171 252 333 495 576 657 
414 416 417 418 419 420 421 422 406 424 433 442 451 460 469 478 10 91 172 253 334 496 577 658 
414 415 417 418 419 420 421 422 407 425 434 443 452 461 470 479 11 92 173 254 335 497 578 659 
414 415 416 418 419 420 421 422 408 426 435 444 453 462 471 480 12 93 174 255 336 498 579 660 
414 415 416 417 419 420 421 422 409 427 436 445 454 463 472 481 13 94 175 256 337 499 580 661 
414 415 416 417 418 420 421 422 410 428 437 446 455 464 473 482 14 95 176 257 338 500 581 662 
414 415 416 417 418 419 421 422 411 429 438 447 456 465 474 483 15 96 177 258 339 501 582 663 
414 415 416 417 418 419 420 422 412 430 439 448 457 466 475 484 16 97 178 259 340 502 583 664 
414 415 416 417 418 419 420 421 413 431 440 449 458 467 476 485 17 98 179 260 341 503 584 665 
424 425 426 427 428 429 430 431 405 414 432 441 450 459 468 477 18 99 180 261 342 504 585 666 
423 425 426 427 428 429 430 431 406 415 433 442 451 460 469 478 19 100 181 262 343 505 586 667 
423 424 426 427 428 429 430 431 407 416 434 443 452 461 470 479 20 101 182 263 344 506 587 668 
423 424 425 427 428 429 430 431 408 417 435 444 453 462 471 480 21 102 183 264 345 507 588 669 
423 424 425 426 428 429 430 431 409 418 436 445 454 463 472 481 22 103 184 265 346 508 589 670 
423 424 425 426 427 429 430 431 410 419 437 446 455 464 473 482 23 104 185 266 347 509 590 671 
423 424 425 426 427 428 430 431 411 420 438 447 456 465 474 483 24 105 186 267 348 510 591 672 
423 424 425 426 427 428 429 431 412 421 439 448 457 466 475 484 25 106 187 268 349 511 592 673 
423 424 425 426 427 428 429 430 413 422 440 449 458 467 476 485 26 107 188 269 350 512 593 674 
433 434 435 436 437 438 439 440 405 414 423 441 450 459 468 477 27 108 189 270 351 513 594 675 
432 434 435 436 437 438 439 440 406 415 424 442 451 460 469 478 28 109 190 271 352 514 595 676 
432 433 435 436 437 438 439 440 407 416 425 443 452 461 470 479 29 110 191 272 353 515 596 677 
432 433 434 436 437 438 439 440 408 417 426 444 453 462 471 480 30 111 192 273 354 516 597 678 
432 433 434 435 437 438 439 440 409 418 427 445 454 463 472 481 31 112 193 274 355 517 598 679 
432 433 434 435 436 438 439 440 410 419 428 446 455 464 473 482 32 113 194 275 356 518 599 680 
432 433 434 435 436 437 439 440 411 420 429 447 456 465 474 483 33 114 195 276 357 519 600 681 
432 433 434 435 436 437 438 440 412 421 430 448 457 466 475 484 34 115 196 277 358 520 601 682 
432 433 434 435 436 437 438 439 413 422 431 449 458 467 476 485 35 116 197 278 359 521 602 683 
442 443 444 445 446 447 448 449 405 414 423 432 450 459 468 477 36 117 198 279 360 522 603 684 
441 443 444 445 446 447 448 449 406 415 424 433 451 460 469 478 37 118 199 280 361 523 604 685 
441 442 444 445 446 447 448 449 407 416 425 434 452 461 470 479 38 119 200 281 362 524 605 686 
441 442 443 445 446 447 448 449 408 417 426 435 453 462 471 480 39 120 201 282 363 525 606 687 
441 442 443 444 446 447 448 449 409 418 427 436 454 463 472 481 40 121 202 283 364 526 607 688 
441 442 443 444 445 447 448 449 410 419 428 437 455 464 473 482 41 122 203 284 365 527 608 689 
441 442 443 444 445 446 448 449 411 420 429 438 456 465 474 483 42 123 204 285 366 528 609 690 
441 442 443 444 445 446 447 449 412 421 430 439 457 466 475 484 43 124 205 286 367 529 610 691 
441 442 443 444 445 446 447 448 413 422 431 440 458 467 476 485 44 125 206 287 368 530 611 692 
451 452 453 454 455 456 457 458 405 414 423 432 441 459 468 477 45 126 207 288 369 531 612 693 
450 452 453 454 455 456 457 458 406 415 424 433 442 460 469 478 46 127 208 289 370 532 613 694 
450 451 453 454 455 456 457 458 407 416 425 434 443 461 470 479 47 128 209 290 371 533 614 695 
450 451 452 454 455 456 457 458 408 417 426 435 444 462 471 480 48 129 210 291 372 534 615 696 
450 451 452 453 455 456 457 458 409 418 427 436 445 463 472 481 49 130 211 292 373 535 616 697 
450 451 452 453 454 456 457 458 410 419 428 437 446 464 473 482 50 131 212 293 374 536 617 698 
450 451 452 453 454 455 457 458 411 420 429 438 447 465 474 483 51 132 213 294 375 537 618 699 
450 451 452 453 454 455 456 458 412 421 430 439 448 466 475 484 52 133 214 295 376 538 619 700 
450 451 452 453 454 455 456 457 413 422 431 440 449 467 476 485 53 134 215 296 377 539 620 701 
460 461 462 463 464 465 466 467 405 414 423 432 441 450 468 477 54 135 216 297 378 540 621 702 
459 461 462 463 464 465 466 467 406 415 424 433 442 451 469 478 55 136 217 298 379 541 622 703 
459 460 462 463 464 465 466 467 407 416 425 434 443 452 470 479 56 137 218 299 380 542 623 704 
459 460 461 463 464 465 466 467 408 417 426 435 444 453 471 480 57 138 219 300 381 543 624 705 
459 460 461 462 464 465 466 467 409 418 427 436 445 454 472 481 58 139 220 301 382 544 625 706 
459 460 461 462 463 465 466 467 410 419 428 437 446 455 473 482 59 140 221 302 383 545 626 707 
459 460 461 462 463 464 466 467 411 420 429 438 447 456 474 483 60 141 222 303 384 546 627 708 
459 460 461 462 463 464 465 467 412 421 430 439 448 457 475 484 61 142 223 304 385 547 628 709 
459 460 461 462 463 464 465 466 413 422 431 440 449 458 476 485 62 143 224 305 386 548 629 710 
469 470 471 472 473 474 475 476 405 414 423 432 441 450 459 477 63 144 225 306 387 549 630 711 
468 470 471 472 473 474 475 476 406 415 424 433 442 451 460 478 64 145 226 307 388 550 631 712 
468 469 471 472 473 474 475 476 407 416 425 434 443 452 461 479 65 146 227 308 389 551 632 713 
468 469 470 472 473 474 475 476 408 417 426 435 444 453 462 480 66 147 228 309 390 552 633 714 
468 469 470 471 473 474 475 476 409 418 427 436 445 454 463 481 67 148 229 310 391 553 634 715 
468 469 470 471 472 474 475 476 410 419 428 437 446 455 464 482 68 149 230 311 392 554 635 716 
468 469 470 471 472 473 475 476 411 420 429 438 447 456 465 483 69 150 231 312 393 555 636 717 
468 469 470 471 472 473 474 476 412 421 430 439 448 457 466 484 70 151 232 313 394 556 637 718 
468 469 470 471 472 473 474 475 413 422 431 440 449 458 467 485 71 152 233 314 395 557 638 719 
478 479 480 481 482 483 484 485 405 414 423 432 441 450 459 468 72 153 234 315 396 558 639 720 
477 479 480 481 482 483 484 485 406 415 424 433 442 451 460 469 73 154 235 316 397 559 640 721 
477 478 480 481 482 483 484 485 407 416 425 434 443 452 461 470 74 155 236 317 398 560 641 722 
477 478 479 481 482 483 484 485 408 417 426 435 444 453 462 471 75 156 237 318 399 561 642 723 
477 478 479 480 482 483 484 485 409 418 427 436 445 454 463 472 76 157 238 319 400 562 643 724 
477 478 479 480 481 483 484 485 410 419 428 437 446 455 464 473 77 158 239 320 401 563 644 725 
477 478 479 480 481 482 484 485 411 420 429 438 447 456 465 474 78 159 240 321 402 564 645 726 
477 478 479 480 481 482 483 485 412 421 430 439 448 457 466 475 79 160 241 322 403 565 646 727 
477 478 479 480 481 482 483 484 413 422 431 440 449 458 467 476 80 161 242 323 404 566 647 728 
487 488 489 490 491 492 493 494 495 504 513 522 531 540 549 558 0 81 162 243 324 405 567 648 
486 488 489 490 491 492 493 494 496 505 514 523 532 541 550 559 1 82 163 244 325 406 568 649 
486 487 489 490 491 492 493 494 497 506 515 524 533 542 551 560 2 83 164 245 326 407 569 650 
486 487 488 490 491 492 493 494 498 507 516 525 534 543 552 561 3 84 165 246 327 408 570 651 
486 487 488 489 491 492 493 494 499 508 517 526 535 544 553 562 4 85 166 247 328 409 571 652 
486 487 488 489 490 492 493 494 500 509 518 527 536 545 554 563 5 86 167 248 329 410 572 653 
486 487 488 489 490 491 493 494 501 510 519 528 537 546 555 564 6 87 168 249 330 411 573 654 
486 487 488 489 490 491 492 494 502 511 520 529 538 547 556 565 7 88 169 250 331 412 574 655 
486 487 488 489 490 491 492 493 503 512 521 530 539 548 557 566 8 89 170 251 332 413 575 656 
496 497 498 499 500 501 502 503 486 504 513 522 531 540 549 558 9 90 171 252 333 414 576 657 
495 497 498 499 500 501 502 503 487 505 514 523 532 541 550 559 10 91 172 253 334 415 577 658 
495 496 498 499 500 501 502 503 488 506 515 524 533 542 551 560 11 92 173 254 335 416 578 659 
495 496 497 499 500 501 502 503 489 507 516 525 534 543 552 561 12 93 174 255 336 417 579 660 
495 496 497 498 500 501 502 503 490 508 517 526 535 544 553 562 13 94 175 256 337 418 580 661 
495 496 497 498 499 501 502 503 491 509 518 527 536 545 554 563 14 95 176 257 338 419 581 662 
495 496 497 498 499 500 502 503 492 510 519 528 537 546 555 564 15 96 177 258 339 420 582 663 
495 496 497 498 499 500 501 503 493 511 520 529 538 547 556 565 16 97 178 259 340 421 583 664 
495 496 497 498 499 500 501 502 494 512 521 530 539 548 557 566 17 98 179 260 341 422 584 665 
505 506 507 508 509 510 511 512 486 495 513 522 531 540 549 558 18 99 180 261 342 423 585 666 
504 506 507 508 509 510 511 512 487 496 514 523 532 541 550 559 19 100 181 262 343 424 586 667 
504 505 507 508 509 510 511 512 488 497 515 524 533 542 551 560 20 101 182 263 344 425 587 668 
504 505 506 508 509 510 511 512 489 498 516 525 534 543 552 561 21 102 183 264 345 426 588 669 
504 505 506 507 509 510 511 512 490 499 517 526 535 544 553 562 22 103 184 265 346 427 589 670 
504 505 506 507 508 510 511 512 491 500 518 527 536 545 554 563 23 104 185 266 347 428 590 671 
504 505 506 507 508 509 511 512 492 501 519 528 537 546 555 564 24 105 186 267 348 429 591 672 
504 505 506 507 508 509 510 512 493 502 520 529 538 547 556 565 25 106 187 268 349 430 592 673 
504 505 506 507 508 509 510 511 494 503 521 530 539 548 557 566 26 107 188 269 350 431 593 674 
514 515 516 517 518 519 520 521 486 495 504 522 531 540 549 558 27 108 189 270 351 432 594 675 
513 515 516 517 518 519 520 521 487 496 505 523 532 541 550 559 28 109 190 271 352 433 595 676 
513 514 516 517 518 519 520 521 488 497 506 524 533 542 551 560 29 110 191 272 353 434 596 677 
513 514 515 517 518 519 520 521 489 498 507 525 534 543 552 561 30 111 192 273 354 435 597 678 
513 514 515 516 518 519 520 521 490 499 508 526 535 544 553 562 31 112 193 274 355 436 598 679 
513 514 515 516 517 519 520 521 491 500 509 527 536 545 554 563 32 113 194 275 356 437 599 680 
513 514 515 516 517 518 520 521 492 501 510 528 537 546 555 564 33 114 195 276 357 438 600 681 
513 514 515 516 517 518 519 521 493 502 511 529 538 547 556 565 34 115 196 277 358 439 601 682 
513 514 515 516 517 518 519 520 494 503 512 530 539 548 557 566 35 116 197 278 359 440 602 683 
523 524 525 526 527 528 529 530 486 495 504 513 531 540 549 558 36 117 198 279 360 441 603 684 
522 524 525 526 527 528 529 530 487 496 505 514 532 541 550 559 37 118 199 280 361 442 604 685 
522 523 525 526 527 528 529 530 488 497 506 515 533 542 551 560 38 119 200 281 362 443 605 686 
522 523 524 526 527 528 529 530 489 498 507 516 534 543 552 561 39 120 201 282 363 444 606 687 
522 523 524 525 527 528 529 530 490 499 508 517 535 544 553 562 40 121 202 283 364 445 607 688 
522 523 524 525 526 528 529 530 491 500 509 518 536 545 554 563 41 122 203 284 365 446 608 689 
522 523 524 525 526 527 529 530 492 501 510 519 537 546 555 564 42 123 204 285 366 447 609 690 
522 523 524 525 526 527 528 530 493 502 511 520 538 547 556 565 43 124 205 286 367 448 610 691 
522 523 524 525 526 527 528 529 494 503 512 521 539 548 557 566 44 125 206 287 368 449 611 692 
532 533 534 535 536 537 538 539 486 495 504 513 522 540 549 558 45 126 207 288 369 450 612 693 
531 533 534 535 536 537 538 539 487 496 505 514 523 541 550 559 46 127 208 289 370 451 613 694 
531 532 534 535 536 537 538 539 488 497 506 515 524 542 551 560 47 128 209 290 371 452 614 695 
531 532 533 535 536 537 538 539 489 498 507 516 525 543 552 561 48 129 210 291 372 453 615 696 
531 532 533 534 536 537 538 539 490 499 508 517 526 544 553 562 49 130 211 292 373 454 616 697 
531 532 533 534 535 537 538 539 491 500 509 518 527 545 554 563 50 131 212 293 374 455 617 698 
531 532 533 534 535 536 538 539 492 501 510 519 528 546 555 564 51 132 213 294 375 456 618 699 
531 532 533 534 535 536 537 539 493 502 511 520 529 547 556 565 52 133 214 295 376 457 619 700 
531 532 533 534 535 536 537 538 494 503 512 521 530 548 557 566 53 134 215 296 377 458 620 701 
541 542 543 544 545 546 547 548 486 495 504 513 522 531 549 558 54 135 216 297 378 459 621 702 
540 542 543 544 545 546 547 548 487 496 505 514 523 532 550 559 55 136 217 298 379 460 622 703 
540 541 543 544 545 546 547 548 488 497 506 515 524 533 551 560 56 137 218 299 380 461 623 704 
540 541 542 544 545 546 547 548 489 498 507 516 525 534 552 561 57 138 219 300 381 462 624 705 
540 541 542 543 545 546 547 548 490 499 508 517 526 535 553 562 58 139 220 301 382 463 625 706 
540 541 542 543 544 546 547 548 491 500 509 518 527 536 554 563 59 140 221 302 383 464 626 707 
540 541 542 543 544 545 547 548 492 501 510 519 528 537 555 564 60 141 222 303 384 465 627 708 
540 541 542 543 544 545 546 548 493 502 511 520 529 538 556 565 61 142 223 304 385 466 628 709 
540 541 542 543 544 545 546 547 494 503 512 521 530 539 557 566 62 143 224 305 386 467 629 710 
550 551 552 553 554 555 556 557 486 495 504 513 522 531 540 558 63 144 225 306 387 468 630 711 
549 551 552 553 554 555 556 557 487 496 505 514 523 532 541 559 64 145 226 307 388 469 631 712 
549 550 552 553 554 555 556 557 488 497 506 515 524 533 542 560 65 146 227 308 389 470 632 713 
549 550 551 553 554 555 556 557 489 498 507 516 525 534 543 561 66 147 228 309 390 471 633 714 
549 550 551 552 554 555 556 557 490 499 508 517 526 535 544 562 67 148 229 310 391 472 634 715 
549 550 551 552 553 555 556 557 491 500 509 518 527 536 545 563 68 149 230 311 392 473 635 716 
549 550 551 552 553 554 556 557 492 501 510 519 528 537 546 564 69 150 231 312 393 474 636 717 
549 550 551 552 553 554 555 557 493 502 511 520 529 538 547 565 70 151 232 313 394 475 637 718 
549 550 551 552 553 554 555 556 494 503 512 521 530 539 548 566 71 152 233 314 395 476 638 719 
559 560 561 562 563 564 565 566 486 495 504 513 522 531 540 549 72 153 234 315 396 477 639 720 
558 560 561 562 563 564 565 566 487 496 505 514 523 532 541 550 73 154 235 316 397 478 640 721 
558 559 561 562 563 564 565 566 488 497 506 515 524 533 542 551 74 155 236 317 398 479 641 722 
558 559 560 562 563 564 565 566 489 498 507 516 525 534 543 552 75 156 237 318 399 480 642 723 
558 559 560 561 563 564 565 566 490 499 508 517 526 535 544 553 76 157 238 319 400 481 643 724 
558 559 560 561 562 564 565 566 491 500 509 518 527 536 545 554 77 158 239 320 401 482 644 725 
558 559 560 561 562 563 565 566 492 501 510 519 528 537 546 555 78 159 240 321 402 483 645 726 
558 559 560 561 562 563 564 566 493 502 511 520 529 538 547 556 79 160 241 322 403 484 646 727 
558 559 560 561 562 563 564 565 494 503 512 521 530 539 548 557 80 161 242 323 404 485 647 728 
568 569 570 571 572 573 574 575 576 585 594 603 612 621 630 639 0 81 162 243 324 405 486 648 
567 569 570 571 572 573 574 575 577 586 595 604 613 622 631 640 1 82 163 244 325 406 487 649 
567 568 570 571 572 573 574 575 578 587 596 605 614 623 632 641 2 83 164 245 326 407 488 650 
567 568 569 571 572 573 574 575 579 588 597 606 615 624 633 642 3 84 165 246 327 408 489 651 
567 568 569 570 572 573 574 575 580 589 598 607 616 625 634 643 4 85 166 247 328 409 490 652 
567 568 569 570 571 573 574 575 581 590 599 608 617 626 635 644 5 86 167 248 329 410 491 653 
567 568 569 570 571 572 574 575 582 591 600 609 618 627 636 645 6 87 168 249 330 411 492 654 
567 568 569 570 571 572 573 575 583 592 601 610 619 628 637 646 7 88 169 250 331 412 493 655 
567 568 569 570 571 572 573 574 584 593 602 611 620 629 638 647 8 89 170 251 332 413 494 656 
577 578 579 580 581 582 583 584 567 585 594 603 612 621 630 639 9 90 171 252 333 414 495 657 
576 578 579 580 581 582 583 584 568 586 595 604 613 622 631 640 10 91 172 253 334 415 496 658 
576 577 579 580 581 582 583 584 569 587 596 605 614 623 632 641 11 92 173 254 335 416 497 659 
576 577 578 580 581 582 583 584 570 588 597 606 615 624 633 642 12 93 174 255 336 417 498 660 
576 577 578 579 581 582 583 584 571 589 598 607 616 625 634 643 13 94 175 256 337 418 499 661 
576 577 578 579 580 582 583 584 572 590 599 608 617 626 635 644 14 95 176 257 338 419 500 662 
576 577 578 579 580 581 583 584 573 591 600 609 618 627 636 645 15 96 177 258 339 420 501 663 
576 577 578 579 580 581 582 584 574 592 601 610 619 628 637 646 16 97 178 259 340 421 502 664 
576 577 578 579 580 581 582 583 575 593 602 611 620 629 638 647 17 98 179 260 341 422 503 665 
586 587 588 589 590 591 592 593 567 576 594 603 612 621 630 639 18 99 180 261 342 423 504 666 
585 587 588 589 590 591 592 593 568 577 595 604 613 622 631 640 19 100 181 262 343 424 505 667 
585 586 588 589 590 591 592 593 569 578 596 605 614 623 632 641 20 101 182 263 344 425 506 668 
585 586 587 589 590 591 592 593 570 579 597 606 615 624 633 642 21 102 183 264 345 426 507 669 
585 586 587 588 590 591 592 593 571 580 598 607 616 625 634 643 22 103 184 265 346 427 508 670 
585 586 587 588 589 591 592 593 572 581 599 608 617 626 635 644 23 104 185 266 347 428 509 671 
585 586 587 588 589 590 592 593 573 582 600 609 618 627 636 645 24 105 186 267 348 429 510 672 
585 586 587 588 589 590 591 593 574 583 601 610 619 628 637 646 25 106 187 268 349 430 511 673 
585 586 587 588 589 590 591 592 575 584 602 611 620 629 638 647 26 107 188 269 350 431 512 674 
595 596 597 598 599 600 601 602 567 576 585 603 612 621 630 639 27 108 189 270 351 432 513 675 
594 596 597 598 599 600 601 602 568 577 586 604 613 622 631 640 28 109 190 271 352 433 514 676 
594 595 597 598 599 600 601 602 569 578 587 605 614 623 632 641 29 110 191 272 353 434 515 677 
594 595 596 598 599 600 601 602 570 579 588 606 615 624 633 642 30 111 192 273 354 435 516 678 
594 595 596 597 599 600 601 602 571 580 589 607 616 625 634 643 31 112 193 274 355 436 517 679 
594 595 596 597 598 600 601 602 572 581 590 608 617 626 635 644 32 113 194 275 356 437 518 680 
594 595 596 597 598 599 601 602 573 582 591 609 618 627 636 645 33 114 195 276 357 438 519 681 
594 595 596 597 598 599 600 602 574 583 592 610 619 628 637 646 34 115 196 277 358 439 520 682 
594 595 596 597 598 599 600 601 575 584 593 611 620 629 638 647 35 116 197 278 359 440 521 683 
604 605 606 607 608 609 610 611 567 576 585 594 612 621 630 639 36 117 198 279 360 441 522 684 
603 605 606 607 608 609 610 611 568 577 586 595 613 622 631 640 37 118 199 280 361 442 523 685 
603 604 606 607 608 609 610 611 569 578 587 596 614 623 632 641 38 119 200 281 362 443 524 686 
603 604 605 607 608 609 610 611 570 579 588 597 615 624 633 642 39 120 201 282 363 444 525 687 
603 604 605 606 608 609 610 611 571 580 589 598 616 625 634 643 40 121 202 283 364 445 526 688 
603 604 605 606 607 609 610 611 572 581 590 599 617 626 635 644 41 122 203 284 365 446 527 689 
603 604 605 606 607 608 610 611 573 582 591 600 618 627 636 645 42 123 204 285 366 447 528 690 
603 604 605 606 607 608 609 611 574 583 592 601 619 628 637 646 43 124 205 286 367 448 529 691 
603 604 605 606 607 608 609 610 575 584 593 602 620 629 638 647 44 125 206 287 368 449 530 692 
613 614 615 616 617 618 619 620 567 576 585 594 603 621 630 639 45 126 207 288 369 450 531 693 
612 614 615 616 617 618 619 620 568 577 586 595 604 622 631 640 46 127 208 289 370 451 532 694 
612 613 615 616 617 618 619 620 569 578 587 596 605 623 632 641 47 128 209 290 371 452 533 695 
612 613 614 616 617 618 619 620 570 579 588 597 606 624 633 642 48 129 210 291 372 453 534 696 
612 613 614 615 617 618 619 620 571 580 589 598 607 625 634 643 49 130 211 292 373 454 535 697 
612 613 614 615 616 618 619 620 572 581 590 599 608 626 635 644 50 131 212 293 374 455 536 698 
612 613 614 615 616 617 619 620 573 582 591 600 609 627 636 645 51 132 213 294 375 456 537 699 
612 613 614 615 616 617 618 620 574 583 592 601 610 628 637 646 52 133 214 295 376 457 538 700 
612 613 614 615 616 617 618 619 575 584 593 602 611 629 638 647 53 134 215 296 377 458 539 701 
622 623 624 625 626 627 628 629 567 576 585 594 603 612 630 639 54 135 216 297 378 459 540 702 
621 623 624 625 626 627 628 629 568 577 586 595 604 613 631 640 55 136 217 298 379 460 541 703 
621 622 624 625 626 627 628 629 569 578 587 596 605 614 632 641 56 137 218 299 380 461 542 704 
621 622 623 625 626 627 628 629 570 579 588 597 606 615 633 642 57 138 219 300 381 462 543 705 
621 622 623 624 626 627 628 629 571 580 589 598 607 616 634 643 58 139 220 301 382 463 544 706 
621 622 623 624 625 627 628 629 572 581 590 599 608 617 635 644 59 140 221 302 383 464 545 707 
621 622 623 624 625 626 628 629 573 582 591 600 609 618 636 645 60 141 222 303 384 465 546 708 
621 622 623 624 625 626 627 629 574 583 592 601 610 619 637 646 61 142 223 304 385 466 547 709 
621 622 623 624 625 626 627 628 575 584 593 602 611 620 638 647 62 143 224 305 386 467 548 710 
631 632 633 634 635 636 637 638 567 576 585 594 603 612 621 639 63 144 225 306 387 468 549 711 
630 632 633 634 635 636 637 638 568 577 586 595 604 613 622 640 64 145 226 307 388 469 550 712 
630 631 633 634 635 636 637 638 569 578 587 596 605 614 623 641 65 146 227 308 389 470 551 713 
630 631 632 634 635 636 637 638 570 579 588 597 606 615 624 642 66 147 228 309 390 471 552 714 
630 631 632 633 635 636 637 638 571 580 589 598 607 616 625 643 67 148 229 310 391 472 553 715 
630 631 632 633 634 636 637 638 572 581 590 599 608 617 626 644 68 149 230 311 392 473 554 716 
630 631 632 633 634 635 637 638 573 582 591 600 609 618 627 645 69 150 231 312 393 474 555 717 
630 631 632 633 634 635 636 638 574 583 592 601 610 619 628 646 70 151 232 313 394 475 556 718 
630 631 632 633 634 635 636 637 575 584 593 602 611 620 629 647 71 152 233 314 395 476 557 719 
640 641 642 643 644 645 646 647 567 576 585 594 603 612 621 630 72 153 234 315 396 477 558 720 
639 641 642 643 644 645 646 647 568 577 586 595 604 613 622 631 73 154 235 316 397 478 559 721 
639 640 642 643 644 645 646 647 569 578 587 596 605 614 623 632 74 155 236 317 398 479 560 722 
639 640 641 643 644 645 646 647 570 579 588 597 606 615 624 633 75 156 237 318 399 480 561 723 
639 640 641 642 644 645 646 647 571 580 589 598 607 616 625 634 76 157 238 319 400 481 562 724 
639 640 641 642 643 645 646 647 572 581 590 599 608 617 626 635 77 158 239 320 401 482 563 725 
639 640 641 642 643 644 646 647 573 582 591 600 609 618 627 636 78 159 240 321 402 483 564 726 
639 640 641 642 643 644 645 647 574 583 592 601 610 619 628 637 79 160 241 322 403 484 565 727 
639 640 641 642 643 644 645 646 575 584 593 602 611 620 629 638 80 161 242 323 404 485 566 728 
649 650 651 652 653 654 655 656 657 666 675 684 693 702 711 720 0 81 162 243 324 405 486 567 
648 650 651 652 653 654 655 656 658 667 676 685 694 703 712 721 1 82 163 244 325 406 487 568 
648 649 651 652 653 654 655 656 659 668 677 686 695 704 713 722 2 83 164 245 326 407 488 569 
648 649 650 652 653 654 655 656 660 669 678 687 696 705 714 723 3 84 165 246 327 408 489 570 
648 649 650 651 653 654 655 656 661 670 679 688 697 706 715 724 4 85 166 247 328 409 490 571 
648 649 650 651 652 654 655 656 662 671 680 689 698 707 716 725 5 86 167 248 329 410 491 572 
648 649 650 651 652 653 655 656 663 672 681 690 699 708 717 726 6 87 168 249 330 411 492 573 
648 649 650 651 652 653 654 656 664 673 682 691 700 709 718 727 7 88 169 250 331 412 493 574 
648 649 650 651 652 653 654 655 665 674 683 692 701 710 719 728 8 89 170 251 332 413 494 575 
658 659 660 661 662 663 664 665 648 666 675 684 693 702 711 720 9 90 171 252 333 414 495 576 
657 659 660 661 662 663 664 665 649 667 676 685 694 703 712 721 10 91 172 253 334 415 496 577 
657 658 660 661 662 663 664 665 650 668 677 686 695 704 713 722 11 92 173 254 335 416 497 578 
657 658 659 661 662 663 664 665 651 669 678 687 696 705 714 723 12 93 174 255 336 417 498 579 
657 658 659 660 662 663 664 665 652 670 679 688 697 706 715 724 13 94 175 256 337 418 499 580 
657 658 659 660 661 663 664 665 653 671 680 689 698 707 716 725 14 95 176 257 338 419 500 581 
657 658 659 660 661 662 664 665 654 672 681 690 699 708 717 726 15 96 177 258 339 420 501 582 
657 658 659 660 661 662 663 665 655 673 682 691 700 709 718 727 16 97 178 259 340 421 502 583 
657 658 659 660 661 662 663 664 656 674 683 692 701 710 719 728 17 98 179 260 341 422 503 584 
667 668 669 670 671 672 673 674 648 657 675 684 693 702 711 720 18 99 180 261 342 423 504 585 
666 668 669 670 671 672 673 674 649 658 676 685 694 703 712 721 19 100 181 262 343 424 505 586 
666 667 669 670 671 672 673 674 650 659 677 686 695 704 713 722 20 101 182 263 344 425 506 587 
666 667 668 670 671 672 673 674 651 660 678 687 696 705 714 723 21 102 183 264 345 426 507 588 
666 667 668 669 671 672 673 674 652 661 679 688 697 706 715 724 22 103 184 265 346 427 508 589 
666 667 668 669 670 672 673 674 653 662 680 689 698 707 716 725 23 104 185 266 347 428 509 590 
666 667 668 669 670 671 673 674 654 663 681 690 699 708 717 726 24 105 186 267 348 429 510 591 
666 667 668 669 670 671 672 674 655 664 682 691 700 709 718 727 25 106 187 268 349 430 511 592 
666 667 668 669 670 671 672 673 656 665 683 692 701 710 719 728 26 107 188 269 350 431 512 593 
676 677 678 679 680 681 682 683 648 657 666 684 693 702 711 720 27 108 189 270 351 432 513 594 
675 677 678 679 680 681 682 683 649 658 667 685 694 703 712 721 28 109 190 271 352 433 514 595 
675 676 678 679 680 681 682 683 650 659 668 686 695 704 713 722 29 110 191 272 353 434 515 596 
675 676 677 679 680 681 682 683 651 660 669 687 696 705 714 723 30 111 192 273 354 435 516 597 
675 676 677 678 680 681 682 683 652 661 670 688 697 706 715 724 31 112 193 274 355 436 517 598 
675 676 677 678 679 681 682 683 653 662 671 689 698 707 716 725 32 113 194 275 356 437 518 599 
675 676 677 678 679 680 682 683 654 663 672 690 699 708 717 726 33 114 195 276 357 438 519 600 
675 676 677 678 679 680 681 683 655 664 673 691 700 709 718 727 34 115 196 277 358 439 520 601 
675 676 677 678 679 680 681 682 656 665 674 692 701 710 719 728 35 116 197 278 359 440 521 602 
685 686 687 688 689 690 691 692 648 657 666 675 693 702 711 720 36 117 198 279 360 441 522 603 
684 686 687 688 689 690 691 692 649 658 667 676 694 703 712 721 37 118 199 280 361 442 523 604 
684 685 687 688 689 690 691 692 650 659 668 677 695 704 713 722 38 119 200 281 362 443 524 605 
684 685 686 688 689 690 691 692 651 660 669 678 696 705 714 723 39 120 201 282 363 444 525 606 
684 685 686 687 689 690 691 692 652 661 670 679 697 706 715 724 40 121 202 283 364 445 526 607 
684 685 686 687 688 690 691 692 653 662 671 680 698 707 716 725 41 122 203 284 365 446 527 608 
684 685 686 687 688 689 691 692 654 663 672 681 699 708 717 726 42 123 204 285 366 447 528 609 
684 685 686 687 688 689 690 692 655 664 673 682 700 709 718 727 43 124 205 286 367 448 529 610 
684 685 686 687 688 689 690 691 656 665 674 683 701 710 719 728 44 125 206 287 368 449 530 611 
694 695 696 697 698 699 700 701 648 657 666 675 684 702 711 720 45 126 207 288 369 450 531 612 
693 695 696 697 698 699 700 701 649 658 667 676 685 703 712 721 46 127 208 289 370 451 532 613 
693 694 696 697 698 699 700 701 650 659 668 677 686 704 713 722 47 128 209 290 371 452 533 614 
693 694 695 697 698 699 700 701 651 660 669 678 687 705 714 723 48 129 210 291 372 453 534 615 
693 694 695 696 698 699 700 701 652 661 670 679 688 706 715 724 49 130 211 292 373 454 535 616 
693 694 695 696 697 699 700 701 653 662 671 680 689 707 716 725 50 131 212 293 374 455 536 617 
693 694 695 696 697 698 700 701 654 663 672 681 690 708 717 726 51 132 213 294 375 456 537 618 
693 694 695 696 697 698 699 701 655 664 673 682 691 709 718 727 52 133 214 295 376 457 538 619 
693 694 695 696 697 698 699 700 656 665 674 683 692 710 719 728 53 134 215 296 377 458 539 620 
703 704 705 706 707 708 709 710 648 657 666 675 684 693 711 720 54 135 216 297 378 459 540 621 
702 704 705 706 707 708 709 710 649 658 667 676 685 694 712 721 55 136 217 298 379 460 541 622 
702 703 705 706 707 708 709 710 650 659 668 677 686 695 713 722 56 137 218 299 380 461 542 623 
702 703 704 706 707 708 709 710 651 660 669 678 687 696 714 723 57 138 219 300 381 462 543 624 
702 703 704 705 707 708 709 710 652 661 670 679 688 697 715 724 58 139 220 301 382 463 544 625 
702 703 704 705 706 708 709 710 653 662 671 680 689 698 716 725 59 140 221 302 383 464 545 626 
702 703 704 705 706 707 709 710 654 663 672 681 690 699 717 726 60 141 222 303 384 465 546 627 
702 703 704 705 706 707 708 710 655 664 673 682 691 700 718 727 61 142 223 304 385 466 547 628 
702 703 704 705 706 707 708 709 656 665 674 683 692 701 719 728 62 143 224 305 386 467 548 629 
712 713 714 715 716 717 718 719 648 657 666 675 684 693 702 720 63 144 225 306 387 468 549 630 
711 713 714 715 716 717 718 719 649 658 667 676 685 694 703 721 64 145 226 307 388 469 550 631 
711 712 714 715 716 717 718 719 650 659 668 677 686 695 704 722 65 146 227 308 389 470 551 632 
711 712 713 715 716 717 718 719 651 660 669 678 687 696 705 723 66 147 228 309 390 471 552 633 
711 712 713 714 716 717 718 719 652 661 670 679 688 697 706 724 67 148 229 310 391 472 553 634 
711 712 713 714 715 717 718 719 653 662 671 680 689 698 707 725 68 149 230 311 392 473 554 635 
711 712 713 714 715 716 718 719 654 663 672 681 690 699 708 726 69 150 231 312 393 474 555 636 
711 712 713 714 715 716 717 719 655 664 673 682 691 700 709 727 70 151 232 313 394 475 556 637 
711 712 713 714 715 716 717 718 656 665 674 683 692 701 710 728 71 152 233 314 395 476 557 638 
721 722 723 724 725 726 727 728 648 657 666 675 684 693 702 711 72 153 234 315 396 477 558 639 
720 722 723 724 725 726 727 728 649 658 667 676 685 694 703 712 73 154 235 316 397 478 559 640 
720 721 723 724 725 726 727 728 650 659 668 677 686 695 704 713 74 155 236 317 398 479 560 641 
720 721 722 724 725 726 727 728 651 660 669 678 687 696 705 714 75 156 237 318 399 480 561 642 
720 721 722 723 725 726 727 728 652 661 670 679 688 697 706 715 76 157 238 319 400 481 562 643 
720 721 722 723 724 726 727 728 653 662 671 680 689 698 707 716 77 158 239 320 401 482 563 644 
720 721 722 723 724 725 727 728 654 663 672 681 690 699 708 717 78 159 240 321 402 483 564 645 
720 721 722 723 724 725 726 728 655 664 673 682 691 700 709 718 79 160 241 322 403 484 565 646 
720 721 722 723 724 725 726 727 656 665 674 683 692 701 710 719 80 161 242 323 404 485 566 647 
