949 7077
1 3 4 9 10 12 832 845 858 871 884 897 910 923 936 
0 2 4 5 10 11 834 847 860 873 886 899 912 925 938 
1 3 5 6 11 12 836 849 862 875 888 901 914 927 940 
0 2 4 6 7 12 838 851 864 877 890 903 916 929 942 
0 1 3 5 7 8 840 853 866 879 892 905 918 931 944 
1 2 4 6 8 9 842 855 868 881 894 907 920 933 946 
2 3 5 7 9 10 844 857 870 883 896 909 922 935 948 
3 4 6 8 10 11 833 846 859 872 885 898 911 924 937 
4 5 7 9 11 12 835 848 861 874 887 900 913 926 939 
0 5 6 8 10 12 837 850 863 876 889 902 915 928 941 
0 1 6 7 9 11 839 852 865 878 891 904 917 930 943 
1 2 7 8 10 12 841 854 867 880 893 906 919 932 945 
0 2 3 8 9 11 843 856 869 882 895 908 921 934 947 
14 16 17 22 23 25 117 221 325 429 533 637 741 936 
13 15 17 18 23 24 119 223 327 431 535 639 743 938 
14 16 18 19 24 25 121 225 329 433 537 641 745 940 
13 15 17 19 20 25 123 227 331 435 539 643 747 942 
13 14 16 18 20 21 125 229 333 437 541 645 749 944 
14 15 17 19 21 22 127 231 335 439 543 647 751 946 23 
15 16 18 20 22 23 129 233 337 441 545 649 753 948 
16 17 19 21 23 24 118 222 326 430 534 638 742 937 
17 18 20 22 24 25 120 224 328 432 536 640 744 939 
13 18 19 21 23 25 122 226 330 434 538 642 746 941 24 
13 14 19 20 22 24 124 228 332 436 540 644 748 943 18 
14 15 20 21 23 25 126 230 334 438 542 646 750 945 22 
13 15 16 21 22 24 128 232 336 440 544 648 752 947 
27 29 30 35 36 38 65 169 273 377 481 585 689 793 936 
26 28 30 31 36 37 67 171 275 379 483 587 691 795 938 
27 29 31 32 37 38 69 173 277 381 485 589 693 797 940 
26 28 30 32 33 38 71 175 279 383 487 591 695 799 942 
26 27 29 31 33 34 73 177 281 385 489 593 697 801 944 
27 28 30 32 34 35 75 179 283 387 491 595 699 803 946 
28 29 31 33 35 36 77 181 285 389 493 597 701 805 948 
29 30 32 34 36 37 66 170 274 378 482 586 690 794 937 
30 31 33 35 37 38 68 172 276 380 484 588 692 796 939 
26 31 32 34 36 38 70 174 278 382 486 590 694 798 941 
26 27 32 33 35 37 72 176 280 384 488 592 696 800 943 
27 28 33 34 36 38 74 178 282 386 490 594 698 802 945 
26 28 29 34 35 37 76 180 284 388 492 596 700 804 947 
40 42 43 48 49 51 78 182 286 390 494 598 702 806 936 
39 41 43 44 49 50 80 184 288 392 496 600 704 808 938 
40 42 44 45 50 51 82 186 290 394 498 602 706 810 940 
39 41 43 45 46 51 84 188 292 396 500 604 708 812 942 
39 40 42 44 46 47 86 190 294 398 502 606 710 814 944 
40 41 43 45 47 48 88 192 296 400 504 608 712 816 946 
41 42 44 46 48 49 90 194 298 402 506 610 714 818 948 
42 43 45 47 49 50 79 183 287 391 495 599 703 807 937 
43 44 46 48 50 51 81 185 289 393 497 601 705 809 939 
39 44 45 47 49 51 83 187 291 395 499 603 707 811 941 
39 40 45 46 48 50 85 189 293 397 501 605 709 813 943 
40 41 46 47 49 51 87 191 295 399 503 607 711 815 945 
39 41 42 47 48 50 89 193 297 401 505 609 713 817 947 
53 55 56 61 62 64 91 195 299 403 507 611 715 819 936 
52 54 56 57 62 63 93 197 301 405 509 613 717 821 938 
53 55 57 58 63 64 95 199 303 407 511 615 719 823 940 
52 54 56 58 59 64 97 201 305 409 513 617 721 825 942 
52 53 55 57 59 60 99 203 307 411 515 619 723 827 944 
53 54 56 58 60 61 101 205 309 413 517 621 725 829 946 
54 55 57 59 61 62 103 207 311 415 519 623 727 831 948 
55 56 58 60 62 63 92 196 300 404 508 612 716 820 937 
56 57 59 61 63 64 94 198 302 406 510 614 718 822 939 
52 57 58 60 62 64 96 200 304 408 512 616 720 824 941 
52 53 58 59 61 63 98 202 306 410 514 618 722 826 943 
53 54 59 60 62 64 100 204 308 412 516 620 724 828 945 
52 54 55 60 61 63 102 206 310 414 518 622 726 830 947 
66 68 69 74 75 77 26 130 234 338 442 546 650 754 936 
65 67 69 70 75 76 33 132 236 340 444 548 652 756 938 
66 68 70 71 76 77 27 134 238 342 446 550 654 758 940 
65 67 69 71 72 77 34 136 240 344 448 552 656 760 942 
65 66 68 70 72 73 28 138 242 346 450 554 658 762 944 
66 67 69 71 73 74 35 140 244 348 452 556 660 764 946 
67 68 70 72 74 75 29 142 246 350 454 558 662 766 948 
68 69 71 73 75 76 36 131 235 339 443 547 651 755 937 
69 70 72 74 76 77 30 133 237 341 445 549 653 757 939 
65 70 71 73 75 77 37 135 239 343 447 551 655 759 941 
65 66 71 72 74 76 31 137 241 345 449 553 657 761 943 
66 67 72 73 75 77 38 139 243 347 451 555 659 763 945 
65 67 68 73 74 76 32 141 245 349 453 557 661 765 947 
79 81 82 87 88 90 39 143 247 351 455 559 663 767 936 
78 80 82 83 88 89 46 145 249 353 457 561 665 769 938 
79 81 83 84 89 90 40 147 251 355 459 563 667 771 940 
78 80 82 84 85 90 47 149 253 357 461 565 669 773 942 
78 79 81 83 85 86 41 151 255 359 463 567 671 775 944 
79 80 82 84 86 87 48 153 257 361 465 569 673 777 946 
80 81 83 85 87 88 42 155 259 363 467 571 675 779 948 
81 82 84 86 88 89 49 144 248 352 456 560 664 768 937 
82 83 85 87 89 90 43 146 250 354 458 562 666 770 939 
78 83 84 86 88 90 50 148 252 356 460 564 668 772 941 
78 79 84 85 87 89 44 150 254 358 462 566 670 774 943 
79 80 85 86 88 90 51 152 256 360 464 568 672 776 945 
78 80 81 86 87 89 45 154 258 362 466 570 674 778 947 
92 94 95 100 101 103 52 156 260 364 468 572 676 780 936 
91 93 95 96 101 102 59 158 262 366 470 574 678 782 938 
92 94 96 97 102 103 53 160 264 368 472 576 680 784 940 
91 93 95 97 98 103 60 162 266 370 474 578 682 786 942 
91 92 94 96 98 99 54 164 268 372 476 580 684 788 944 
92 93 95 97 99 100 61 166 270 374 478 582 686 790 946 
93 94 96 98 100 101 55 168 272 376 480 584 688 792 948 
94 95 97 99 101 102 62 157 261 365 469 573 677 781 937 
95 96 98 100 102 103 56 159 263 367 471 575 679 783 939 
91 96 97 99 101 103 63 161 265 369 473 577 681 785 941 
91 92 97 98 100 102 57 163 267 371 475 579 683 787 943 
92 93 98 99 101 103 64 165 269 373 477 581 685 789 945 
91 93 94 99 100 102 58 167 271 375 479 583 687 791 947 
105 107 108 113 114 116 117 130 143 156 169 182 195 832 
104 106 108 109 114 115 119 132 145 158 171 184 197 834 
105 107 109 110 115 116 121 134 147 160 173 186 199 836 
104 106 108 110 111 116 123 136 149 162 175 188 201 838 
104 105 107 109 111 112 125 138 151 164 177 190 203 840 
105 106 108 110 112 113 127 140 153 166 179 192 205 842 114 
106 107 109 111 113 114 129 142 155 168 181 194 207 844 
107 108 110 112 114 115 118 131 144 157 170 183 196 833 
108 109 111 113 115 116 120 133 146 159 172 185 198 835 
104 109 110 112 114 116 122 135 148 161 174 187 200 837 115 
104 105 110 111 113 115 124 137 150 163 176 189 202 839 109 
105 106 111 112 114 116 126 139 152 165 178 191 204 841 113 
104 106 107 112 113 115 128 141 154 167 180 193 206 843 
118 120 121 126 127 129 13 104 247 338 481 572 715 806 845 
117 119 121 122 127 128 20 111 249 340 483 574 717 808 847 
118 120 122 123 128 129 14 105 251 342 485 576 719 810 849 
117 119 121 123 124 129 21 112 253 344 487 578 721 812 851 
117 118 120 122 124 125 15 106 255 346 489 580 723 814 853 
118 119 121 123 125 126 22 113 257 348 491 582 725 816 855 
119 120 122 124 126 127 16 107 259 350 493 584 727 818 857 
120 121 123 125 127 128 23 114 248 339 482 573 716 807 846 
121 122 124 126 128 129 17 108 250 341 484 575 718 809 848 
117 122 123 125 127 129 24 115 252 343 486 577 720 811 850 
117 118 123 124 126 128 18 109 254 345 488 579 722 813 852 
118 119 124 125 127 129 25 116 256 347 490 581 724 815 854 
117 119 120 125 126 128 19 110 258 349 492 583 726 817 856 
131 133 134 139 140 142 65 104 260 325 507 546 702 767 858 
130 132 134 135 140 141 72 111 262 327 509 548 704 769 860 
131 133 135 136 141 142 66 105 264 329 511 550 706 771 862 
130 132 134 136 137 142 73 112 266 331 513 552 708 773 864 
130 131 133 135 137 138 67 106 268 333 515 554 710 775 866 
131 132 134 136 138 139 74 113 270 335 517 556 712 777 868 
132 133 135 137 139 140 68 107 272 337 519 558 714 779 870 
133 134 136 138 140 141 75 114 261 326 508 547 703 768 859 
134 135 137 139 141 142 69 108 263 328 510 549 705 770 861 
130 135 136 138 140 142 76 115 265 330 512 551 707 772 863 
130 131 136 137 139 141 70 109 267 332 514 553 709 774 865 
131 132 137 138 140 142 77 116 269 334 516 555 711 776 867 
130 132 133 138 139 141 71 110 271 336 518 557 713 778 869 
144 146 147 152 153 155 78 104 221 403 455 585 676 754 871 
143 145 147 148 153 154 85 111 223 405 457 587 678 756 873 
144 146 148 149 154 155 79 105 225 407 459 589 680 758 875 
143 145 147 149 150 155 86 112 227 409 461 591 682 760 877 
143 144 146 148 150 151 80 106 229 411 463 593 684 762 879 
144 145 147 149 151 152 87 113 231 413 465 595 686 764 881 
145 146 148 150 152 153 81 107 233 415 467 597 688 766 883 
146 147 149 151 153 154 88 114 222 404 456 586 677 755 872 
147 148 150 152 154 155 82 108 224 406 458 588 679 757 874 
143 148 149 151 153 155 89 115 226 408 460 590 681 759 876 
143 144 149 150 152 154 83 109 228 410 462 592 683 761 878 
144 145 150 151 153 155 90 116 230 412 464 594 685 763 880 
143 145 146 151 152 154 84 110 232 414 466 596 687 765 882 
157 159 160 165 166 168 91 104 234 377 494 533 663 780 884 
156 158 160 161 166 167 98 111 236 379 496 535 665 782 886 
157 159 161 162 167 168 92 105 238 381 498 537 667 784 888 
156 158 160 162 163 168 99 112 240 383 500 539 669 786 890 
156 157 159 161 163 164 93 106 242 385 502 541 671 788 892 
157 158 160 162 164 165 100 113 244 387 504 543 673 790 894 
158 159 161 163 165 166 94 107 246 389 506 545 675 792 896 
159 160 162 164 166 167 101 114 235 378 495 534 664 781 885 
160 161 163 165 167 168 95 108 237 380 497 536 666 783 887 
156 161 162 164 166 168 102 115 239 382 499 538 668 785 889 
156 157 162 163 165 167 96 109 241 384 501 540 670 787 891 
157 158 163 164 166 168 103 116 243 386 503 542 672 789 893 
156 158 159 164 165 167 97 110 245 388 505 544 674 791 895 
170 172 173 178 179 181 26 104 286 364 429 559 689 819 897 
169 171 173 174 179 180 33 111 288 366 431 561 691 821 899 
170 172 174 175 180 181 27 105 290 368 433 563 693 823 901 
169 171 173 175 176 181 34 112 292 370 435 565 695 825 903 
169 170 172 174 176 177 28 106 294 372 437 567 697 827 905 
170 171 173 175 177 178 35 113 296 374 439 569 699 829 907 
171 172 174 176 178 179 29 107 298 376 441 571 701 831 909 
172 173 175 177 179 180 36 114 287 365 430 560 690 820 898 
173 174 176 178 180 181 30 108 289 367 432 562 692 822 900 
169 174 175 177 179 181 37 115 291 369 434 564 694 824 902 
169 170 175 176 178 180 31 109 293 371 436 566 696 826 904 
170 171 176 177 179 181 38 116 295 373 438 568 698 828 906 
169 171 172 177 178 180 32 110 297 375 440 570 700 830 908 
183 185 186 191 192 194 39 104 273 390 468 611 650 741 910 
182 184 186 187 192 193 46 111 275 392 470 613 652 743 912 
183 185 187 188 193 194 40 105 277 394 472 615 654 745 914 
182 184 186 188 189 194 47 112 279 396 474 617 656 747 916 
182 183 185 187 189 190 41 106 281 398 476 619 658 749 918 
183 184 186 188 190 191 48 113 283 400 478 621 660 751 920 
184 185 187 189 191 192 42 107 285 402 480 623 662 753 922 
185 186 188 190 192 193 49 114 274 391 469 612 651 742 911 
186 187 189 191 193 194 43 108 276 393 471 614 653 744 913 
182 187 188 190 192 194 50 115 278 395 473 616 655 746 915 
182 183 188 189 191 193 44 109 280 397 475 618 657 748 917 
183 184 189 190 192 194 51 116 282 399 477 620 659 750 919 
182 184 185 190 191 193 45 110 284 401 479 622 661 752 921 
196 198 199 204 205 207 52 104 299 351 442 598 637 793 923 
195 197 199 200 205 206 59 111 301 353 444 600 639 795 925 
196 198 200 201 206 207 53 105 303 355 446 602 641 797 927 
195 197 199 201 202 207 60 112 305 357 448 604 643 799 929 
195 196 198 200 202 203 54 106 307 359 450 606 645 801 931 
196 197 199 201 203 204 61 113 309 361 452 608 647 803 933 
197 198 200 202 204 205 55 107 311 363 454 610 649 805 935 
198 199 201 203 205 206 62 114 300 352 443 599 638 794 924 
199 200 202 204 206 207 56 108 302 354 445 601 640 796 926 
195 200 201 203 205 207 63 115 304 356 447 603 642 798 928 
195 196 201 202 204 206 57 109 306 358 449 605 644 800 930 
196 197 202 203 205 207 64 116 308 360 451 607 646 802 932 
195 197 198 203 204 206 58 110 310 362 453 609 648 804 934 
209 211 212 217 218 220 520 533 546 559 572 585 598 611 832 
208 210 212 213 218 219 522 535 548 561 574 587 600 613 834 
209 211 213 214 219 220 524 537 550 563 576 589 602 615 836 
208 210 212 214 215 220 526 539 552 565 578 591 604 617 838 
208 209 211 213 215 216 528 541 554 567 580 593 606 619 840 
209 210 212 214 216 217 530 543 556 569 582 595 608 621 842 
210 211 213 215 217 218 532 545 558 571 584 597 610 623 844 
211 212 214 216 218 219 521 534 547 560 573 586 599 612 833 
212 213 215 217 219 220 523 536 549 562 575 588 601 614 835 
208 213 214 216 218 220 525 538 551 564 577 590 603 616 837 
208 209 214 215 217 219 527 540 553 566 579 592 605 618 839 
209 210 215 216 218 220 529 542 555 568 581 594 607 620 841 
208 210 211 216 217 219 531 544 557 570 583 596 609 622 843 
222 224 225 230 231 233 13 143 273 403 442 520 702 780 897 
221 223 225 226 231 232 20 150 275 405 444 522 704 782 899 
222 224 226 227 232 233 14 144 277 407 446 524 706 784 901 
221 223 225 227 228 233 21 151 279 409 448 526 708 786 903 
221 222 224 226 228 229 15 145 281 411 450 528 710 788 905 
222 223 225 227 229 230 22 152 283 413 452 530 712 790 907 
223 224 226 228 230 231 16 146 285 415 454 532 714 792 909 
224 225 227 229 231 232 23 153 274 404 443 521 703 781 898 
225 226 228 230 232 233 17 147 276 406 445 523 705 783 900 
221 226 227 229 231 233 24 154 278 408 447 525 707 785 902 
221 222 227 228 230 232 18 148 280 410 449 527 709 787 904 
222 223 228 229 231 233 25 155 282 412 451 529 711 789 906 
221 223 224 229 230 232 19 149 284 414 453 531 713 791 908 
235 237 238 243 244 246 65 156 299 390 429 520 663 754 845 
234 236 238 239 244 245 72 163 301 392 431 522 665 756 847 
235 237 239 240 245 246 66 157 303 394 433 524 667 758 849 
234 236 238 240 241 246 73 164 305 396 435 526 669 760 851 
234 235 237 239 241 242 67 158 307 398 437 528 671 762 853 
235 236 238 240 242 243 74 165 309 400 439 530 673 764 855 
236 237 239 241 243 244 68 159 311 402 441 532 675 766 857 
237 238 240 242 244 245 75 166 300 391 430 521 664 755 846 
238 239 241 243 245 246 69 160 302 393 432 523 666 757 848 
234 239 240 242 244 246 76 167 304 395 434 525 668 759 850 
234 235 240 241 243 245 70 161 306 397 436 527 670 761 852 
235 236 241 242 244 246 77 168 308 399 438 529 672 763 854 
234 236 237 242 243 245 71 162 310 401 440 531 674 765 856 
248 250 251 256 257 259 78 117 364 507 520 650 793 884 
247 249 251 252 257 258 85 124 366 509 522 652 795 886 
248 250 252 253 258 259 79 118 368 511 524 654 797 888 
247 249 251 253 254 259 86 125 370 513 526 656 799 890 
247 248 250 252 254 255 80 119 372 515 528 658 801 892 
248 249 251 253 255 256 87 126 374 517 530 660 803 894 257 
249 250 252 254 256 257 81 120 376 519 532 662 805 896 
250 251 253 255 257 258 88 127 365 508 521 651 794 885 
251 252 254 256 258 259 82 121 367 510 523 653 796 887 
247 252 253 255 257 259 89 128 369 512 525 655 798 889 258 
247 248 253 254 256 258 83 122 371 514 527 657 800 891 252 
248 249 254 255 257 259 90 129 373 516 529 659 802 893 256 
247 249 250 255 256 258 84 123 375 518 531 661 804 895 
261 263 264 269 270 272 91 130 286 351 481 520 676 741 858 
260 262 264 265 270 271 98 137 288 353 483 522 678 743 860 
261 263 265 266 271 272 92 131 290 355 485 524 680 745 862 
260 262 264 266 267 272 99 138 292 357 487 526 682 747 864 
260 261 263 265 267 268 93 132 294 359 489 528 684 749 866 
261 262 264 266 268 269 100 139 296 361 491 530 686 751 868 
262 263 265 267 269 270 94 133 298 363 493 532 688 753 870 
263 264 266 268 270 271 101 140 287 352 482 521 677 742 859 
264 265 267 269 271 272 95 134 289 354 484 523 679 744 861 
260 265 266 268 270 272 102 141 291 356 486 525 681 746 863 
260 261 266 267 269 271 96 135 293 358 488 527 683 748 865 
261 262 267 268 270 272 103 142 295 360 490 529 685 750 867 
260 262 263 268 269 271 97 136 297 362 492 531 687 752 869 
274 276 277 282 283 285 26 182 221 377 468 520 715 767 923 
273 275 277 278 283 284 33 189 228 379 470 522 717 769 925 
274 276 278 279 284 285 27 183 222 381 472 524 719 771 927 
273 275 277 279 280 285 34 190 229 383 474 526 721 773 929 
273 274 276 278 280 281 28 184 223 385 476 528 723 775 931 
274 275 277 279 281 282 35 191 230 387 478 530 725 777 933 
275 276 278 280 282 283 29 185 224 389 480 532 727 779 935 
276 277 279 281 283 284 36 192 231 378 469 521 716 768 924 
277 278 280 282 284 285 30 186 225 380 471 523 718 770 926 
273 278 279 281 283 285 37 193 232 382 473 525 720 772 928 
273 274 279 280 282 284 31 187 226 384 475 527 722 774 930 
274 275 280 281 283 285 38 194 233 386 477 529 724 776 932 
273 275 276 281 282 284 32 188 227 388 479 531 726 778 934 
287 289 290 295 296 298 39 169 260 338 494 520 637 819 871 
286 288 290 291 296 297 46 176 267 340 496 522 639 821 873 
287 289 291 292 297 298 40 170 261 342 498 524 641 823 875 
286 288 290 292 293 298 47 177 268 344 500 526 643 825 877 
286 287 289 291 293 294 41 171 262 346 502 528 645 827 879 
287 288 290 292 294 295 48 178 269 348 504 530 647 829 881 
288 289 291 293 295 296 42 172 263 350 506 532 649 831 883 
289 290 292 294 296 297 49 179 270 339 495 521 638 820 872 
290 291 293 295 297 298 43 173 264 341 497 523 640 822 874 
286 291 292 294 296 298 50 180 271 343 499 525 642 824 876 
286 287 292 293 295 297 44 174 265 345 501 527 644 826 878 
287 288 293 294 296 298 51 181 272 347 503 529 646 828 880 
286 288 289 294 295 297 45 175 266 349 505 531 648 830 882 
300 302 303 308 309 311 52 195 234 325 455 520 689 806 910 
299 301 303 304 309 310 59 202 241 327 457 522 691 808 912 
300 302 304 305 310 311 53 196 235 329 459 524 693 810 914 
299 301 303 305 306 311 60 203 242 331 461 526 695 812 916 
299 300 302 304 306 307 54 197 236 333 463 528 697 814 918 
300 301 303 305 307 308 61 204 243 335 465 530 699 816 920 
301 302 304 306 308 309 55 198 237 337 467 532 701 818 922 
302 303 305 307 309 310 62 205 244 326 456 521 690 807 911 
303 304 306 308 310 311 56 199 238 328 458 523 692 809 913 
299 304 305 307 309 311 63 206 245 330 460 525 694 811 915 
299 300 305 306 308 310 57 200 239 332 462 527 696 813 917 
300 301 306 307 309 311 64 207 246 334 464 529 698 815 919 
299 301 302 307 308 310 58 201 240 336 466 531 700 817 921 
313 315 316 321 322 324 624 637 650 663 676 689 702 715 832 
312 314 316 317 322 323 626 639 652 665 678 691 704 717 834 
313 315 317 318 323 324 628 641 654 667 680 693 706 719 836 
312 314 316 318 319 324 630 643 656 669 682 695 708 721 838 
312 313 315 317 319 320 632 645 658 671 684 697 710 723 840 
313 314 316 318 320 321 634 647 660 673 686 699 712 725 842 
314 315 317 319 321 322 636 649 662 675 688 701 714 727 844 
315 316 318 320 322 323 625 638 651 664 677 690 703 716 833 
316 317 319 321 323 324 627 640 653 666 679 692 705 718 835 
312 317 318 320 322 324 629 642 655 668 681 694 707 720 837 
312 313 318 319 321 323 631 644 657 670 683 696 709 722 839 
313 314 319 320 322 324 633 646 659 672 685 698 711 724 841 
312 314 315 320 321 323 635 648 661 674 687 700 713 726 843 
326 328 329 334 335 337 13 130 299 364 494 585 624 767 910 
325 327 329 330 335 336 20 137 306 366 496 587 626 769 912 
326 328 330 331 336 337 14 131 300 368 498 589 628 771 914 
325 327 329 331 332 337 21 138 307 370 500 591 630 773 916 
325 326 328 330 332 333 15 132 301 372 502 593 632 775 918 
326 327 329 331 333 334 22 139 308 374 504 595 634 777 920 
327 328 330 332 334 335 16 133 302 376 506 597 636 779 922 
328 329 331 333 335 336 23 140 309 365 495 586 625 768 911 
329 330 332 334 336 337 17 134 303 367 497 588 627 770 913 
325 330 331 333 335 337 24 141 310 369 499 590 629 772 915 
325 326 331 332 334 336 18 135 304 371 501 592 631 774 917 
326 327 332 333 335 337 25 142 311 373 503 594 633 776 919 
325 327 328 333 334 336 19 136 305 375 505 596 635 778 921 
339 341 342 347 348 350 65 117 286 455 611 624 780 923 
338 340 342 343 348 349 72 124 293 457 613 626 782 925 
339 341 343 344 349 350 66 118 287 459 615 628 784 927 
338 340 342 344 345 350 73 125 294 461 617 630 786 929 
338 339 341 343 345 346 67 119 288 463 619 632 788 931 
339 340 342 344 346 347 74 126 295 465 621 634 790 933 348 
340 341 343 345 347 348 68 120 289 467 623 636 792 935 
341 342 344 346 348 349 75 127 296 456 612 625 781 924 
342 343 345 347 349 350 69 121 290 458 614 627 783 926 
338 343 344 346 348 350 76 128 297 460 616 629 785 928 349 
338 339 344 345 347 349 70 122 291 462 618 631 787 930 343 
339 340 345 346 348 350 77 129 298 464 620 633 789 932 347 
338 340 341 346 347 349 71 123 292 466 622 635 791 934 
352 354 355 360 361 363 78 195 260 377 442 559 624 741 845 
351 353 355 356 361 362 85 202 267 379 444 561 626 743 847 
352 354 356 357 362 363 79 196 261 381 446 563 628 745 849 
351 353 355 357 358 363 86 203 268 383 448 565 630 747 851 
351 352 354 356 358 359 80 197 262 385 450 567 632 749 853 
352 353 355 357 359 360 87 204 269 387 452 569 634 751 855 
353 354 356 358 360 361 81 198 263 389 454 571 636 753 857 
354 355 357 359 361 362 88 205 270 378 443 560 625 742 846 
355 356 358 360 362 363 82 199 264 380 445 562 627 744 848 
351 356 357 359 361 363 89 206 271 382 447 564 629 746 850 
351 352 357 358 360 362 83 200 265 384 449 566 631 748 852 
352 353 358 359 361 363 90 207 272 386 451 568 633 750 854 
351 353 354 359 360 362 84 201 266 388 453 570 635 752 856 
365 367 368 373 374 376 91 169 247 325 468 598 624 754 897 
364 366 368 369 374 375 98 176 254 332 470 600 626 756 899 
365 367 369 370 375 376 92 170 248 326 472 602 628 758 901 
364 366 368 370 371 376 99 177 255 333 474 604 630 760 903 
364 365 367 369 371 372 93 171 249 327 476 606 632 762 905 
365 366 368 370 372 373 100 178 256 334 478 608 634 764 907 
366 367 369 371 373 374 94 172 250 328 480 610 636 766 909 
367 368 370 372 374 375 101 179 257 335 469 599 625 755 898 
368 369 371 373 375 376 95 173 251 329 471 601 627 757 900 
364 369 370 372 374 376 102 180 258 336 473 603 629 759 902 
364 365 370 371 373 375 96 174 252 330 475 605 631 761 904 
365 366 371 372 374 376 103 181 259 337 477 607 633 763 906 
364 366 367 372 373 375 97 175 253 331 479 609 635 765 908 
378 380 381 386 387 389 26 156 273 351 507 533 624 806 871 
377 379 381 382 387 388 33 163 280 358 509 535 626 808 873 
378 380 382 383 388 389 27 157 274 352 511 537 628 810 875 
377 379 381 383 384 389 34 164 281 359 513 539 630 812 877 
377 378 380 382 384 385 28 158 275 353 515 541 632 814 879 
378 379 381 383 385 386 35 165 282 360 517 543 634 816 881 
379 380 382 384 386 387 29 159 276 354 519 545 636 818 883 
380 381 383 385 387 388 36 166 283 361 508 534 625 807 872 
381 382 384 386 388 389 30 160 277 355 510 536 627 809 874 
377 382 383 385 387 389 37 167 284 362 512 538 629 811 876 
377 378 383 384 386 388 31 161 278 356 514 540 631 813 878 
378 379 384 385 387 389 38 168 285 363 516 542 633 815 880 
377 379 380 385 386 388 32 162 279 357 518 544 635 817 882 
391 393 394 399 400 402 39 182 234 403 429 572 624 793 858 
390 392 394 395 400 401 46 189 241 405 431 574 626 795 860 
391 393 395 396 401 402 40 183 235 407 433 576 628 797 862 
390 392 394 396 397 402 47 190 242 409 435 578 630 799 864 
390 391 393 395 397 398 41 184 236 411 437 580 632 801 866 
391 392 394 396 398 399 48 191 243 413 439 582 634 803 868 
392 393 395 397 399 400 42 185 237 415 441 584 636 805 870 
393 394 396 398 400 401 49 192 244 404 430 573 625 794 859 
394 395 397 399 401 402 43 186 238 406 432 575 627 796 861 
390 395 396 398 400 402 50 193 245 408 434 577 629 798 863 
390 391 396 397 399 401 44 187 239 410 436 579 631 800 865 
391 392 397 398 400 402 51 194 246 412 438 581 633 802 867 
390 392 393 398 399 401 45 188 240 414 440 583 635 804 869 
404 406 407 412 413 415 52 143 221 390 481 546 624 819 884 
403 405 407 408 413 414 59 150 228 397 483 548 626 821 886 
404 406 408 409 414 415 53 144 222 391 485 550 628 823 888 
403 405 407 409 410 415 60 151 229 398 487 552 630 825 890 
403 404 406 408 410 411 54 145 223 392 489 554 632 827 892 
404 405 407 409 411 412 61 152 230 399 491 556 634 829 894 
405 406 408 410 412 413 55 146 224 393 493 558 636 831 896 
406 407 409 411 413 414 62 153 231 400 482 547 625 820 885 
407 408 410 412 414 415 56 147 225 394 484 549 627 822 887 
403 408 409 411 413 415 63 154 232 401 486 551 629 824 889 
403 404 409 410 412 414 57 148 226 395 488 553 631 826 891 
404 405 410 411 413 415 64 155 233 402 490 555 633 828 893 
403 405 406 411 412 414 58 149 227 396 492 557 635 830 895 
417 419 420 425 426 428 728 741 754 767 780 793 806 819 832 
416 418 420 421 426 427 730 743 756 769 782 795 808 821 834 
417 419 421 422 427 428 732 745 758 771 784 797 810 823 836 
416 418 420 422 423 428 734 747 760 773 786 799 812 825 838 
416 417 419 421 423 424 736 749 762 775 788 801 814 827 840 
417 418 420 422 424 425 738 751 764 777 790 803 816 829 842 
418 419 421 423 425 426 740 753 766 779 792 805 818 831 844 
419 420 422 424 426 427 729 742 755 768 781 794 807 820 833 
420 421 423 425 427 428 731 744 757 770 783 796 809 822 835 
416 421 422 424 426 428 733 746 759 772 785 798 811 824 837 
416 417 422 423 425 427 735 748 761 774 787 800 813 826 839 
417 418 423 424 426 428 737 750 763 776 789 802 815 828 841 
416 418 419 424 425 427 739 752 765 778 791 804 817 830 843 
430 432 433 438 439 441 13 169 234 390 507 559 676 728 923 
429 431 433 434 439 440 20 176 241 397 509 561 678 730 925 
430 432 434 435 440 441 14 170 235 391 511 563 680 732 927 
429 431 433 435 436 441 21 177 242 398 513 565 682 734 929 
429 430 432 434 436 437 15 171 236 392 515 567 684 736 931 
430 431 433 435 437 438 22 178 243 399 517 569 686 738 933 
431 432 434 436 438 439 16 172 237 393 519 571 688 740 935 
432 433 435 437 439 440 23 179 244 400 508 560 677 729 924 
433 434 436 438 440 441 17 173 238 394 510 562 679 731 926 
429 434 435 437 439 441 24 180 245 401 512 564 681 733 928 
429 430 435 436 438 440 18 174 239 395 514 566 683 735 930 
430 431 436 437 439 441 25 181 246 402 516 568 685 737 932 
429 431 432 437 438 440 19 175 240 396 518 570 687 739 934 
443 445 446 451 452 454 65 195 221 351 494 572 650 728 897 
442 444 446 447 452 453 72 202 228 358 496 574 652 730 899 
443 445 447 448 453 454 66 196 222 352 498 576 654 732 901 
442 444 446 448 449 454 73 203 229 359 500 578 656 734 903 
442 443 445 447 449 450 67 197 223 353 502 580 658 736 905 
443 444 446 448 450 451 74 204 230 360 504 582 660 738 907 
444 445 447 449 451 452 68 198 224 354 506 584 662 740 909 
445 446 448 450 452 453 75 205 231 361 495 573 651 729 898 
446 447 449 451 453 454 69 199 225 355 497 575 653 731 900 
442 447 448 450 452 454 76 206 232 362 499 577 655 733 902 
442 443 448 449 451 453 70 200 226 356 501 579 657 735 904 
443 444 449 450 452 454 77 207 233 363 503 581 659 737 906 
442 444 445 450 451 453 71 201 227 357 505 583 661 739 908 
456 458 459 464 465 467 78 143 299 338 468 533 689 728 858 
455 457 459 460 465 466 85 150 306 345 470 535 691 730 860 
456 458 460 461 466 467 79 144 300 339 472 537 693 732 862 
455 457 459 461 462 467 86 151 307 346 474 539 695 734 864 
455 456 458 460 462 463 80 145 301 340 476 541 697 736 866 
456 457 459 461 463 464 87 152 308 347 478 543 699 738 868 
457 458 460 462 464 465 81 146 302 341 480 545 701 740 870 
458 459 461 463 465 466 88 153 309 348 469 534 690 729 859 
459 460 462 464 466 467 82 147 303 342 471 536 692 731 861 
455 460 461 463 465 467 89 154 310 349 473 538 694 733 863 
455 456 461 462 464 466 83 148 304 343 475 540 696 735 865 
456 457 462 463 465 467 90 155 311 350 477 542 698 737 867 
455 457 458 463 464 466 84 149 305 344 479 544 700 739 869 
469 471 472 477 478 480 91 182 273 364 455 546 637 728 845 
468 470 472 473 478 479 98 189 280 371 462 548 639 730 847 
469 471 473 474 479 480 92 183 274 365 456 550 641 732 849 
468 470 472 474 475 480 99 190 281 372 463 552 643 734 851 
468 469 471 473 475 476 93 184 275 366 457 554 645 736 853 
469 470 472 474 476 477 100 191 282 373 464 556 647 738 855 
470 471 473 475 477 478 94 185 276 367 458 558 649 740 857 
471 472 474 476 478 479 101 192 283 374 465 547 638 729 846 
472 473 475 477 479 480 95 186 277 368 459 549 640 731 848 
468 473 474 476 478 480 102 193 284 375 466 551 642 733 850 
468 469 474 475 477 479 96 187 278 369 460 553 644 735 852 
469 470 475 476 478 480 103 194 285 376 467 555 646 737 854 
468 470 471 476 477 479 97 188 279 370 461 557 648 739 856 
482 484 485 490 491 493 26 117 260 403 598 663 728 910 
481 483 485 486 491 492 33 124 267 410 600 665 730 912 
482 484 486 487 492 493 27 118 261 404 602 667 732 914 
481 483 485 487 488 493 34 125 268 411 604 669 734 916 
481 482 484 486 488 489 28 119 262 405 606 671 736 918 
482 483 485 487 489 490 35 126 269 412 608 673 738 920 491 
483 484 486 488 490 491 29 120 263 406 610 675 740 922 
484 485 487 489 491 492 36 127 270 413 599 664 729 911 
485 486 488 490 492 493 30 121 264 407 601 666 731 913 
481 486 487 489 491 493 37 128 271 414 603 668 733 915 492 
481 482 487 488 490 492 31 122 265 408 605 670 735 917 486 
482 483 488 489 491 493 38 129 272 415 607 672 737 919 490 
481 483 484 489 490 492 32 123 266 409 609 674 739 921 
495 497 498 503 504 506 39 156 286 325 442 585 715 728 884 
494 496 498 499 504 505 46 163 293 332 449 587 717 730 886 
495 497 499 500 505 506 40 157 287 326 443 589 719 732 888 
494 496 498 500 501 506 47 164 294 333 450 591 721 734 890 
494 495 497 499 501 502 41 158 288 327 444 593 723 736 892 
495 496 498 500 502 503 48 165 295 334 451 595 725 738 894 
496 497 499 501 503 504 42 159 289 328 445 597 727 740 896 
497 498 500 502 504 505 49 166 296 335 452 586 716 729 885 
498 499 501 503 505 506 43 160 290 329 446 588 718 731 887 
494 499 500 502 504 506 50 167 297 336 453 590 720 733 889 
494 495 500 501 503 505 44 161 291 330 447 592 722 735 891 
495 496 501 502 504 506 51 168 298 337 454 594 724 737 893 
494 496 497 502 503 505 45 162 292 331 448 596 726 739 895 
508 510 511 516 517 519 52 130 247 377 429 611 702 728 871 
507 509 511 512 517 518 59 137 254 384 436 613 704 730 873 
508 510 512 513 518 519 53 131 248 378 430 615 706 732 875 
507 509 511 513 514 519 60 138 255 385 437 617 708 734 877 
507 508 510 512 514 515 54 132 249 379 431 619 710 736 879 
508 509 511 513 515 516 61 139 256 386 438 621 712 738 881 
509 510 512 514 516 517 55 133 250 380 432 623 714 740 883 
510 511 513 515 517 518 62 140 257 387 439 612 703 729 872 
511 512 514 516 518 519 56 134 251 381 433 614 705 731 874 
507 512 513 515 517 519 63 141 258 388 440 616 707 733 876 
507 508 513 514 516 518 57 135 252 382 434 618 709 735 878 
508 509 514 515 517 519 64 142 259 389 441 620 711 737 880 
507 509 510 515 516 518 58 136 253 383 435 622 713 739 882 
521 523 524 529 530 532 208 221 234 247 260 273 286 299 832 
520 522 524 525 530 531 215 228 241 254 267 280 293 306 834 
521 523 525 526 531 532 209 222 235 248 261 274 287 300 836 
520 522 524 526 527 532 216 229 242 255 268 281 294 307 838 
520 521 523 525 527 528 210 223 236 249 262 275 288 301 840 
521 522 524 526 528 529 217 230 243 256 269 282 295 308 842 
522 523 525 527 529 530 211 224 237 250 263 276 289 302 844 
523 524 526 528 530 531 218 231 244 257 270 283 296 309 833 
524 525 527 529 531 532 212 225 238 251 264 277 290 303 835 
520 525 526 528 530 532 219 232 245 258 271 284 297 310 837 
520 521 526 527 529 531 213 226 239 252 265 278 291 304 839 
521 522 527 528 530 532 220 233 246 259 272 285 298 311 841 
520 522 523 528 529 531 214 227 240 253 266 279 292 305 843 
534 536 537 542 543 545 13 156 208 377 455 598 650 819 858 
533 535 537 538 543 544 20 163 215 384 462 600 652 821 860 
534 536 538 539 544 545 14 157 209 378 456 602 654 823 862 
533 535 537 539 540 545 21 164 216 385 463 604 656 825 864 
533 534 536 538 540 541 15 158 210 379 457 606 658 827 866 
534 535 537 539 541 542 22 165 217 386 464 608 660 829 868 
535 536 538 540 542 543 16 159 211 380 458 610 662 831 870 
536 537 539 541 543 544 23 166 218 387 465 599 651 820 859 
537 538 540 542 544 545 17 160 212 381 459 601 653 822 861 
533 538 539 541 543 545 24 167 219 388 466 603 655 824 863 
533 534 539 540 542 544 18 161 213 382 460 605 657 826 865 
534 535 540 541 543 545 25 168 220 389 467 607 659 828 867 
533 535 536 541 542 544 19 162 214 383 461 609 661 830 869 
547 549 550 555 556 558 65 130 208 403 468 559 637 806 884 
546 548 550 551 556 557 72 137 215 410 475 561 639 808 886 
547 549 551 552 557 558 66 131 209 404 469 563 641 810 888 
546 548 550 552 553 558 73 138 216 411 476 565 643 812 890 
546 547 549 551 553 554 67 132 210 405 470 567 645 814 892 
547 548 550 552 554 555 74 139 217 412 477 569 647 816 894 
548 549 551 553 555 556 68 133 211 406 471 571 649 818 896 
549 550 552 554 556 557 75 140 218 413 478 560 638 807 885 
550 551 553 555 557 558 69 134 212 407 472 562 640 809 887 
546 551 552 554 556 558 76 141 219 414 479 564 642 811 889 
546 547 552 553 555 557 70 135 213 408 473 566 644 813 891 
547 548 553 554 556 558 77 142 220 415 480 568 646 815 893 
546 548 549 554 555 557 71 136 214 409 474 570 648 817 895 
560 562 563 568 569 571 78 169 208 351 429 546 715 780 910 
559 561 563 564 569 570 85 176 215 358 436 553 717 782 912 
560 562 564 565 570 571 79 170 209 352 430 547 719 784 914 
559 561 563 565 566 571 86 177 216 359 437 554 721 786 916 
559 560 562 564 566 567 80 171 210 353 431 548 723 788 918 
560 561 563 565 567 568 87 178 217 360 438 555 725 790 920 
561 562 564 566 568 569 81 172 211 354 432 549 727 792 922 
562 563 565 567 569 570 88 179 218 361 439 556 716 781 911 
563 564 566 568 570 571 82 173 212 355 433 550 718 783 913 
559 564 565 567 569 571 89 180 219 362 440 557 720 785 915 
559 560 565 566 568 570 83 174 213 356 434 551 722 787 917 
560 561 566 567 569 571 90 181 220 363 441 558 724 789 919 
559 561 562 567 568 570 84 175 214 357 435 552 726 791 921 
573 575 576 581 582 584 91 117 208 390 442 689 767 871 
572 574 576 577 582 583 98 124 215 397 449 691 769 873 
573 575 577 578 583 584 92 118 209 391 443 693 771 875 
572 574 576 578 579 584 99 125 216 398 450 695 773 877 
572 573 575 577 579 580 93 119 210 392 444 697 775 879 
573 574 576 578 580 581 100 126 217 399 451 699 777 881 582 
574 575 577 579 581 582 94 120 211 393 445 701 779 883 
575 576 578 580 582 583 101 127 218 400 452 690 768 872 
576 577 579 581 583 584 95 121 212 394 446 692 770 874 
572 577 578 580 582 584 102 128 219 401 453 694 772 876 583 
572 573 578 579 581 583 96 122 213 395 447 696 774 878 577 
573 574 579 580 582 584 103 129 220 402 454 698 776 880 581 
572 574 575 580 581 583 97 123 214 396 448 700 778 882 
586 588 589 594 595 597 26 143 208 325 494 611 676 793 845 
585 587 589 590 595 596 33 150 215 332 501 613 678 795 847 
586 588 590 591 596 597 27 144 209 326 495 615 680 797 849 
585 587 589 591 592 597 34 151 216 333 502 617 682 799 851 
585 586 588 590 592 593 28 145 210 327 496 619 684 801 853 
586 587 589 591 593 594 35 152 217 334 503 621 686 803 855 
587 588 590 592 594 595 29 146 211 328 497 623 688 805 857 
588 589 591 593 595 596 36 153 218 335 504 612 677 794 846 
589 590 592 594 596 597 30 147 212 329 498 614 679 796 848 
585 590 591 593 595 597 37 154 219 336 505 616 681 798 850 
585 586 591 592 594 596 31 148 213 330 499 618 683 800 852 
586 587 592 593 595 597 38 155 220 337 506 620 685 802 854 
585 587 588 593 594 596 32 149 214 331 500 622 687 804 856 
599 601 602 607 608 610 39 195 208 364 481 533 702 754 923 
598 600 602 603 608 609 46 202 215 371 488 540 704 756 925 
599 601 603 604 609 610 40 196 209 365 482 534 706 758 927 
598 600 602 604 605 610 47 203 216 372 489 541 708 760 929 
598 599 601 603 605 606 41 197 210 366 483 535 710 762 931 
599 600 602 604 606 607 48 204 217 373 490 542 712 764 933 
600 601 603 605 607 608 42 198 211 367 484 536 714 766 935 
601 602 604 606 608 609 49 205 218 374 491 543 703 755 924 
602 603 605 607 609 610 43 199 212 368 485 537 705 757 926 
598 603 604 606 608 610 50 206 219 375 492 544 707 759 928 
598 599 604 605 607 609 44 200 213 369 486 538 709 761 930 
599 600 605 606 608 610 51 207 220 376 493 545 711 763 932 
598 600 601 606 607 609 45 201 214 370 487 539 713 765 934 
612 614 615 620 621 623 52 182 208 338 507 585 663 741 897 
611 613 615 616 621 622 59 189 215 345 514 592 665 743 899 
612 614 616 617 622 623 53 183 209 339 508 586 667 745 901 
611 613 615 617 618 623 60 190 216 346 515 593 669 747 903 
611 612 614 616 618 619 54 184 210 340 509 587 671 749 905 
612 613 615 617 619 620 61 191 217 347 516 594 673 751 907 
613 614 616 618 620 621 55 185 211 341 510 588 675 753 909 
614 615 617 619 621 622 62 192 218 348 517 595 664 742 898 
615 616 618 620 622 623 56 186 212 342 511 589 666 744 900 
611 616 617 619 621 623 63 193 219 349 518 596 668 746 902 
611 612 617 618 620 622 57 187 213 343 512 590 670 748 904 
612 613 618 619 621 623 64 194 220 350 519 597 672 750 906 
611 613 614 619 620 622 58 188 214 344 513 591 674 752 908 
625 627 628 633 634 636 312 325 338 351 364 377 390 403 832 
624 626 628 629 634 635 319 332 345 358 371 384 397 410 834 
625 627 629 630 635 636 313 326 339 352 365 378 391 404 836 
624 626 628 630 631 636 320 333 346 359 372 385 398 411 838 
624 625 627 629 631 632 314 327 340 353 366 379 392 405 840 
625 626 628 630 632 633 321 334 347 360 373 386 399 412 842 
626 627 629 631 633 634 315 328 341 354 367 380 393 406 844 
627 628 630 632 634 635 322 335 348 361 374 387 400 413 833 
628 629 631 633 635 636 316 329 342 355 368 381 394 407 835 
624 629 630 632 634 636 323 336 349 362 375 388 401 414 837 
624 625 630 631 633 635 317 330 343 356 369 382 395 408 839 
625 626 631 632 634 636 324 337 350 363 376 389 402 415 841 
624 626 627 632 633 635 318 331 344 357 370 383 396 409 843 
638 640 641 646 647 649 13 195 286 312 468 546 663 793 871 
637 639 641 642 647 648 20 202 293 319 475 553 665 795 873 
638 640 642 643 648 649 14 196 287 313 469 547 667 797 875 
637 639 641 643 644 649 21 203 294 320 476 554 669 799 877 
637 638 640 642 644 645 15 197 288 314 470 548 671 801 879 
638 639 641 643 645 646 22 204 295 321 477 555 673 803 881 
639 640 642 644 646 647 16 198 289 315 471 549 675 805 883 
640 641 643 645 647 648 23 205 296 322 478 556 664 794 872 
641 642 644 646 648 649 17 199 290 316 472 550 666 796 874 
637 642 643 645 647 649 24 206 297 323 479 557 668 798 876 
637 638 643 644 646 648 18 200 291 317 473 551 670 800 878 
638 639 644 645 647 649 25 207 298 324 480 558 672 802 880 
637 639 640 645 646 648 19 201 292 318 474 552 674 804 882 
651 653 654 659 660 662 65 182 247 312 442 533 676 819 910 
650 652 654 655 660 661 72 189 254 319 449 540 678 821 912 
651 653 655 656 661 662 66 183 248 313 443 534 680 823 914 
650 652 654 656 657 662 73 190 255 320 450 541 682 825 916 
650 651 653 655 657 658 67 184 249 314 444 535 684 827 918 
651 652 654 656 658 659 74 191 256 321 451 542 686 829 920 
652 653 655 657 659 660 68 185 250 315 445 536 688 831 922 
653 654 656 658 660 661 75 192 257 322 452 543 677 820 911 
654 655 657 659 661 662 69 186 251 316 446 537 679 822 913 
650 655 656 658 660 662 76 193 258 323 453 544 681 824 915 
650 651 656 657 659 661 70 187 252 317 447 538 683 826 917 
651 652 657 658 660 662 77 194 259 324 454 545 685 828 919 
650 652 653 658 659 661 71 188 253 318 448 539 687 830 921 
664 666 667 672 673 675 78 156 234 312 481 611 637 767 897 
663 665 667 668 673 674 85 163 241 319 488 618 644 769 899 
664 666 668 669 674 675 79 157 235 313 482 612 638 771 901 
663 665 667 669 670 675 86 164 242 320 489 619 645 773 903 
663 664 666 668 670 671 80 158 236 314 483 613 639 775 905 
664 665 667 669 671 672 87 165 243 321 490 620 646 777 907 
665 666 668 670 672 673 81 159 237 315 484 614 640 779 909 
666 667 669 671 673 674 88 166 244 322 491 621 647 768 898 
667 668 670 672 674 675 82 160 238 316 485 615 641 770 900 
663 668 669 671 673 675 89 167 245 323 492 622 648 772 902 
663 664 669 670 672 674 83 161 239 317 486 616 642 774 904 
664 665 670 671 673 675 90 168 246 324 493 623 649 776 906 
663 665 666 671 672 674 84 162 240 318 487 617 643 778 908 
677 679 680 685 686 688 91 143 260 312 429 585 650 806 923 
676 678 680 681 686 687 98 150 267 319 436 592 657 808 925 
677 679 681 682 687 688 92 144 261 313 430 586 651 810 927 
676 678 680 682 683 688 99 151 268 320 437 593 658 812 929 
676 677 679 681 683 684 93 145 262 314 431 587 652 814 931 
677 678 680 682 684 685 100 152 269 321 438 594 659 816 933 
678 679 681 683 685 686 94 146 263 315 432 588 653 818 935 
679 680 682 684 686 687 101 153 270 322 439 595 660 807 924 
680 681 683 685 687 688 95 147 264 316 433 589 654 809 926 
676 681 682 684 686 688 102 154 271 323 440 596 661 811 928 
676 677 682 683 685 687 96 148 265 317 434 590 655 813 930 
677 678 683 684 686 688 103 155 272 324 441 597 662 815 932 
676 678 679 684 685 687 97 149 266 318 435 591 656 817 934 
690 692 693 698 699 701 26 169 299 312 455 572 702 741 884 
689 691 693 694 699 700 33 176 306 319 462 579 704 743 886 
690 692 694 695 700 701 27 170 300 313 456 573 706 745 888 
689 691 693 695 696 701 34 177 307 320 463 580 708 747 890 
689 690 692 694 696 697 28 171 301 314 457 574 710 749 892 
690 691 693 695 697 698 35 178 308 321 464 581 712 751 894 
691 692 694 696 698 699 29 172 302 315 458 575 714 753 896 
692 693 695 697 699 700 36 179 309 322 465 582 703 742 885 
693 694 696 698 700 701 30 173 303 316 459 576 705 744 887 
689 694 695 697 699 701 37 180 310 323 466 583 707 746 889 
689 690 695 696 698 700 31 174 304 317 460 577 709 748 891 
690 691 696 697 699 701 38 181 311 324 467 584 711 750 893 
689 691 692 697 698 700 32 175 305 318 461 578 713 752 895 
703 705 706 711 712 714 39 130 221 312 507 598 689 780 845 
702 704 706 707 712 713 46 137 228 319 514 605 696 782 847 
703 705 707 708 713 714 40 131 222 313 508 599 690 784 849 
702 704 706 708 709 714 47 138 229 320 515 606 697 786 851 
702 703 705 707 709 710 41 132 223 314 509 600 691 788 853 
703 704 706 708 710 711 48 139 230 321 516 607 698 790 855 
704 705 707 709 711 712 42 133 224 315 510 601 692 792 857 
705 706 708 710 712 713 49 140 231 322 517 608 699 781 846 
706 707 709 711 713 714 43 134 225 316 511 602 693 783 848 
702 707 708 710 712 714 50 141 232 323 518 609 700 785 850 
702 703 708 709 711 713 44 135 226 317 512 603 694 787 852 
703 704 709 710 712 714 51 142 233 324 519 610 701 789 854 
702 704 705 710 711 713 45 136 227 318 513 604 695 791 856 
716 718 719 724 725 727 52 117 273 312 494 559 754 858 
715 717 719 720 725 726 59 124 280 319 501 566 756 860 
716 718 720 721 726 727 53 118 274 313 495 560 758 862 
715 717 719 721 722 727 60 125 281 320 502 567 760 864 
715 716 718 720 722 723 54 119 275 314 496 561 762 866 
716 717 719 721 723 724 61 126 282 321 503 568 764 868 725 
717 718 720 722 724 725 55 120 276 315 497 562 766 870 
718 719 721 723 725 726 62 127 283 322 504 569 755 859 
719 720 722 724 726 727 56 121 277 316 498 563 757 861 
715 720 721 723 725 727 63 128 284 323 505 570 759 863 726 
715 716 721 722 724 726 57 122 278 317 499 564 761 865 720 
716 717 722 723 725 727 64 129 285 324 506 571 763 867 724 
715 717 718 723 724 726 58 123 279 318 500 565 765 869 
729 731 732 737 738 740 416 429 442 455 468 481 494 507 832 
728 730 732 733 738 739 423 436 449 462 475 488 501 514 834 
729 731 733 734 739 740 417 430 443 456 469 482 495 508 836 
728 730 732 734 735 740 424 437 450 463 476 489 502 515 838 
728 729 731 733 735 736 418 431 444 457 470 483 496 509 840 
729 730 732 734 736 737 425 438 451 464 477 490 503 516 842 
730 731 733 735 737 738 419 432 445 458 471 484 497 510 844 
731 732 734 736 738 739 426 439 452 465 478 491 504 517 833 
732 733 735 737 739 740 420 433 446 459 472 485 498 511 835 
728 733 734 736 738 740 427 440 453 466 479 492 505 518 837 
728 729 734 735 737 739 421 434 447 460 473 486 499 512 839 
729 730 735 736 738 740 428 441 454 467 480 493 506 519 841 
728 730 731 736 737 739 422 435 448 461 474 487 500 513 843 
742 744 745 750 751 753 13 182 260 351 416 611 689 754 884 
741 743 745 746 751 752 20 189 267 358 423 618 696 756 886 
742 744 746 747 752 753 14 183 261 352 417 612 690 758 888 
741 743 745 747 748 753 21 190 268 359 424 619 697 760 890 
741 742 744 746 748 749 15 184 262 353 418 613 691 762 892 
742 743 745 747 749 750 22 191 269 360 425 620 698 764 894 
743 744 746 748 750 751 16 185 263 354 419 614 692 766 896 
744 745 747 749 751 752 23 192 270 361 426 621 699 755 885 
745 746 748 750 752 753 17 186 264 355 420 615 693 757 887 
741 746 747 749 751 753 24 193 271 362 427 622 700 759 889 
741 742 747 748 750 752 18 187 265 356 421 616 694 761 891 
742 743 748 749 751 753 25 194 272 363 428 623 701 763 893 
741 743 744 749 750 752 19 188 266 357 422 617 695 765 895 
755 757 758 763 764 766 65 143 234 364 416 598 715 741 871 
754 756 758 759 764 765 72 150 241 371 423 605 722 748 873 
755 757 759 760 765 766 66 144 235 365 417 599 716 742 875 
754 756 758 760 761 766 73 151 242 372 424 606 723 749 877 
754 755 757 759 761 762 67 145 236 366 418 600 717 743 879 
755 756 758 760 762 763 74 152 243 373 425 607 724 750 881 
756 757 759 761 763 764 68 146 237 367 419 601 718 744 883 
757 758 760 762 764 765 75 153 244 374 426 608 725 751 872 
758 759 761 763 765 766 69 147 238 368 420 602 719 745 874 
754 759 760 762 764 766 76 154 245 375 427 609 726 752 876 
754 755 760 761 763 765 70 148 239 369 421 603 720 746 878 
755 756 761 762 764 766 77 155 246 376 428 610 727 753 880 
754 756 757 762 763 765 71 149 240 370 422 604 721 747 882 
768 770 771 776 777 779 78 130 273 325 416 572 663 819 923 
767 769 771 772 777 778 85 137 280 332 423 579 670 821 925 
768 770 772 773 778 779 79 131 274 326 417 573 664 823 927 
767 769 771 773 774 779 86 138 281 333 424 580 671 825 929 
767 768 770 772 774 775 80 132 275 327 418 574 665 827 931 
768 769 771 773 775 776 87 139 282 334 425 581 672 829 933 
769 770 772 774 776 777 81 133 276 328 419 575 666 831 935 
770 771 773 775 777 778 88 140 283 335 426 582 673 820 924 
771 772 774 776 778 779 82 134 277 329 420 576 667 822 926 
767 772 773 775 777 779 89 141 284 336 427 583 674 824 928 
767 768 773 774 776 778 83 135 278 330 421 577 668 826 930 
768 769 774 775 777 779 90 142 285 337 428 584 675 828 932 
767 769 770 775 776 778 84 136 279 331 422 578 669 830 934 
781 783 784 789 790 792 91 156 221 338 416 559 702 793 910 
780 782 784 785 790 791 98 163 228 345 423 566 709 795 912 
781 783 785 786 791 792 92 157 222 339 417 560 703 797 914 
780 782 784 786 787 792 99 164 229 346 424 567 710 799 916 
780 781 783 785 787 788 93 158 223 340 418 561 704 801 918 
781 782 784 786 788 789 100 165 230 347 425 568 711 803 920 
782 783 785 787 789 790 94 159 224 341 419 562 705 805 922 
783 784 786 788 790 791 101 166 231 348 426 569 712 794 911 
784 785 787 789 791 792 95 160 225 342 420 563 706 796 913 
780 785 786 788 790 792 102 167 232 349 427 570 713 798 915 
780 781 786 787 789 791 96 161 226 343 421 564 707 800 917 
781 782 787 788 790 792 103 168 233 350 428 571 714 802 919 
780 782 783 788 789 791 97 162 227 344 422 565 708 804 921 
794 796 797 802 803 805 26 195 247 390 416 585 637 780 858 
793 795 797 798 803 804 33 202 254 397 423 592 644 787 860 
794 796 798 799 804 805 27 196 248 391 417 586 638 781 862 
793 795 797 799 800 805 34 203 255 398 424 593 645 788 864 
793 794 796 798 800 801 28 197 249 392 418 587 639 782 866 
794 795 797 799 801 802 35 204 256 399 425 594 646 789 868 
795 796 798 800 802 803 29 198 250 393 419 588 640 783 870 
796 797 799 801 803 804 36 205 257 400 426 595 647 790 859 
797 798 800 802 804 805 30 199 251 394 420 589 641 784 861 
793 798 799 801 803 805 37 206 258 401 427 596 648 791 863 
793 794 799 800 802 804 31 200 252 395 421 590 642 785 865 
794 795 800 801 803 805 38 207 259 402 428 597 649 792 867 
793 795 796 801 802 804 32 201 253 396 422 591 643 786 869 
807 809 810 815 816 818 39 117 299 377 416 546 676 897 
806 808 810 811 816 817 46 124 306 384 423 553 683 899 
807 809 811 812 817 818 40 118 300 378 417 547 677 901 
806 808 810 812 813 818 47 125 307 385 424 554 684 903 
806 807 809 811 813 814 41 119 301 379 418 548 678 905 
807 808 810 812 814 815 48 126 308 386 425 555 685 907 816 
808 809 811 813 815 816 42 120 302 380 419 549 679 909 
809 810 812 814 816 817 49 127 309 387 426 556 686 898 
810 811 813 815 817 818 43 121 303 381 420 550 680 900 
806 811 812 814 816 818 50 128 310 388 427 557 687 902 817 
806 807 812 813 815 817 44 122 304 382 421 551 681 904 811 
807 808 813 814 816 818 51 129 311 389 428 558 688 906 815 
806 808 809 814 815 817 45 123 305 383 422 552 682 908 
820 822 823 828 829 831 52 169 286 403 416 533 650 767 845 
819 821 823 824 829 830 59 176 293 410 423 540 657 774 847 
820 822 824 825 830 831 53 170 287 404 417 534 651 768 849 
819 821 823 825 826 831 60 177 294 411 424 541 658 775 851 
819 820 822 824 826 827 54 171 288 405 418 535 652 769 853 
820 821 823 825 827 828 61 178 295 412 425 542 659 776 855 
821 822 824 826 828 829 55 172 289 406 419 536 653 770 857 
822 823 825 827 829 830 62 179 296 413 426 543 660 777 846 
823 824 826 828 830 831 56 173 290 407 420 537 654 771 848 
819 824 825 827 829 831 63 180 297 414 427 544 661 778 850 
819 820 825 826 828 830 57 174 291 408 421 538 655 772 852 
820 821 826 827 829 831 64 181 298 415 428 545 662 779 854 
819 821 822 827 828 830 58 175 292 409 422 539 656 773 856 
833 835 836 841 842 844 0 104 208 312 416 520 624 728 936 
832 834 836 837 842 843 7 111 215 319 423 527 631 735 938 
833 835 837 838 843 844 1 105 209 313 417 521 625 729 940 
832 834 836 838 839 844 8 112 216 320 424 528 632 736 942 
832 833 835 837 839 840 2 106 210 314 418 522 626 730 944 
833 834 836 838 840 841 9 113 217 321 425 529 633 737 946 
834 835 837 839 841 842 3 107 211 315 419 523 627 731 948 
835 836 838 840 842 843 10 114 218 322 426 530 634 738 937 
836 837 839 841 843 844 4 108 212 316 420 524 628 732 939 
832 837 838 840 842 844 11 115 219 323 427 531 635 739 941 
832 833 838 839 841 843 5 109 213 317 421 525 629 733 943 
833 834 839 840 842 844 12 116 220 324 428 532 636 740 945 
832 834 835 840 841 843 6 110 214 318 422 526 630 734 947 
846 848 849 854 855 857 0 117 234 351 468 585 702 819 
845 847 849 850 855 856 7 124 241 358 475 592 709 826 
846 848 850 851 856 857 1 118 235 352 469 586 703 820 
845 847 849 851 852 857 8 125 242 359 476 593 710 827 
845 846 848 850 852 853 2 119 236 353 470 587 704 821 
846 847 849 851 853 854 9 126 243 360 477 594 711 828 855 
847 848 850 852 854 855 3 120 237 354 471 588 705 822 
848 849 851 853 855 856 10 127 244 361 478 595 712 829 
849 850 852 854 856 857 4 121 238 355 472 589 706 823 
845 850 851 853 855 857 11 128 245 362 479 596 713 830 856 
845 846 851 852 854 856 5 122 239 356 473 590 707 824 850 
846 847 852 853 855 857 12 129 246 363 480 597 714 831 854 
845 847 848 853 854 856 6 123 240 357 474 591 708 825 
859 861 862 867 868 870 0 130 260 390 455 533 715 793 897 
858 860 862 863 868 869 7 137 267 397 462 540 722 800 899 
859 861 863 864 869 870 1 131 261 391 456 534 716 794 901 
858 860 862 864 865 870 8 138 268 398 463 541 723 801 903 
858 859 861 863 865 866 2 132 262 392 457 535 717 795 905 
859 860 862 864 866 867 9 139 269 399 464 542 724 802 907 
860 861 863 865 867 868 3 133 263 393 458 536 718 796 909 
861 862 864 866 868 869 10 140 270 400 465 543 725 803 898 
862 863 865 867 869 870 4 134 264 394 459 537 719 797 900 
858 863 864 866 868 870 11 141 271 401 466 544 726 804 902 
858 859 864 865 867 869 5 135 265 395 460 538 720 798 904 
859 860 865 866 868 870 12 142 272 402 467 545 727 805 906 
858 860 861 866 867 869 6 136 266 396 461 539 721 799 908 
872 874 875 880 881 883 0 143 286 377 507 572 637 754 910 
871 873 875 876 881 882 7 150 293 384 514 579 644 761 912 
872 874 876 877 882 883 1 144 287 378 508 573 638 755 914 
871 873 875 877 878 883 8 151 294 385 515 580 645 762 916 
871 872 874 876 878 879 2 145 288 379 509 574 639 756 918 
872 873 875 877 879 880 9 152 295 386 516 581 646 763 920 
873 874 876 878 880 881 3 146 289 380 510 575 640 757 922 
874 875 877 879 881 882 10 153 296 387 517 582 647 764 911 
875 876 878 880 882 883 4 147 290 381 511 576 641 758 913 
871 876 877 879 881 883 11 154 297 388 518 583 648 765 915 
871 872 877 878 880 882 5 148 291 382 512 577 642 759 917 
872 873 878 879 881 883 12 155 298 389 519 584 649 766 919 
871 873 874 879 880 882 6 149 292 383 513 578 643 760 921 
885 887 888 893 894 896 0 156 247 403 494 546 689 741 923 
884 886 888 889 894 895 7 163 254 410 501 553 696 748 925 
885 887 889 890 895 896 1 157 248 404 495 547 690 742 927 
884 886 888 890 891 896 8 164 255 411 502 554 697 749 929 
884 885 887 889 891 892 2 158 249 405 496 548 691 743 931 
885 886 888 890 892 893 9 165 256 412 503 555 698 750 933 
886 887 889 891 893 894 3 159 250 406 497 549 692 744 935 
887 888 890 892 894 895 10 166 257 413 504 556 699 751 924 
888 889 891 893 895 896 4 160 251 407 498 550 693 745 926 
884 889 890 892 894 896 11 167 258 414 505 557 700 752 928 
884 885 890 891 893 895 5 161 252 408 499 551 694 746 930 
885 886 891 892 894 896 12 168 259 415 506 558 701 753 932 
884 886 887 892 893 895 6 162 253 409 500 552 695 747 934 
898 900 901 906 907 909 0 169 221 364 442 611 663 806 858 
897 899 901 902 907 908 7 176 228 371 449 618 670 813 865 
898 900 902 903 908 909 1 170 222 365 443 612 664 807 859 
897 899 901 903 904 909 8 177 229 372 450 619 671 814 866 
897 898 900 902 904 905 2 171 223 366 444 613 665 808 860 
898 899 901 903 905 906 9 178 230 373 451 620 672 815 867 
899 900 902 904 906 907 3 172 224 367 445 614 666 809 861 
900 901 903 905 907 908 10 179 231 374 452 621 673 816 868 
901 902 904 906 908 909 4 173 225 368 446 615 667 810 862 
897 902 903 905 907 909 11 180 232 375 453 622 674 817 869 
897 898 903 904 906 908 5 174 226 369 447 616 668 811 863 
898 899 904 905 907 909 12 181 233 376 454 623 675 818 870 
897 899 900 905 906 908 6 175 227 370 448 617 669 812 864 
911 913 914 919 920 922 0 182 299 325 481 559 650 780 871 
910 912 914 915 920 921 7 189 306 332 488 566 657 787 878 
911 913 915 916 921 922 1 183 300 326 482 560 651 781 872 
910 912 914 916 917 922 8 190 307 333 489 567 658 788 879 
910 911 913 915 917 918 2 184 301 327 483 561 652 782 873 
911 912 914 916 918 919 9 191 308 334 490 568 659 789 880 
912 913 915 917 919 920 3 185 302 328 484 562 653 783 874 
913 914 916 918 920 921 10 192 309 335 491 569 660 790 881 
914 915 917 919 921 922 4 186 303 329 485 563 654 784 875 
910 915 916 918 920 922 11 193 310 336 492 570 661 791 882 
910 911 916 917 919 921 5 187 304 330 486 564 655 785 876 
911 912 917 918 920 922 12 194 311 337 493 571 662 792 883 
910 912 913 918 919 921 6 188 305 331 487 565 656 786 877 
924 926 927 932 933 935 0 195 273 338 429 598 676 767 884 
923 925 927 928 933 934 7 202 280 345 436 605 683 774 891 
924 926 928 929 934 935 1 196 274 339 430 599 677 768 885 
923 925 927 929 930 935 8 203 281 346 437 606 684 775 892 
923 924 926 928 930 931 2 197 275 340 431 600 678 769 886 
924 925 927 929 931 932 9 204 282 347 438 607 685 776 893 
925 926 928 930 932 933 3 198 276 341 432 601 679 770 887 
926 927 929 931 933 934 10 205 283 348 439 608 686 777 894 
927 928 930 932 934 935 4 199 277 342 433 602 680 771 888 
923 928 929 931 933 935 11 206 284 349 440 609 687 778 895 
923 924 929 930 932 934 5 200 278 343 434 603 681 772 889 
924 925 930 931 933 935 12 207 285 350 441 610 688 779 896 
923 925 926 931 932 934 6 201 279 344 435 604 682 773 890 
937 939 940 945 946 948 0 13 26 39 52 65 78 91 832 
936 938 940 941 946 947 7 20 33 46 59 72 85 98 839 
937 939 941 942 947 948 1 14 27 40 53 66 79 92 833 
936 938 940 942 943 948 8 21 34 47 60 73 86 99 840 
936 937 939 941 943 944 2 15 28 41 54 67 80 93 834 
937 938 940 942 944 945 9 22 35 48 61 74 87 100 841 
938 939 941 943 945 946 3 16 29 42 55 68 81 94 835 
939 940 942 944 946 947 10 23 36 49 62 75 88 101 842 
940 941 943 945 947 948 4 17 30 43 56 69 82 95 836 
936 941 942 944 946 948 11 24 37 50 63 76 89 102 843 
936 937 942 943 945 947 5 18 31 44 57 70 83 96 837 
937 938 943 944 946 948 12 25 38 51 64 77 90 103 844 
936 938 939 944 945 947 6 19 32 45 58 71 84 97 838 
