1064 7980
7 1 2 972 980 988 996 1004 1012 1020 1028 1036 1044 1052 1060 
0 4 6 973 981 989 997 1005 1013 1021 1029 1037 1045 1053 1061 
0 4 3 974 982 990 998 1006 1014 1022 1030 1038 1046 1054 1062 
2 5 6 975 983 991 999 1007 1015 1023 1031 1039 1047 1055 1063 
1 2 7 968 976 984 992 1000 1008 1016 1024 1032 1040 1048 1056 
3 6 7 969 977 985 993 1001 1009 1017 1025 1033 1041 1049 1057 
1 3 5 970 978 986 994 1002 1010 1018 1026 1034 1042 1050 1058 
0 4 5 971 979 987 995 1003 1011 1019 1027 1035 1043 1051 1059 
15 9 10 84 172 260 348 436 524 612 700 788 876 964 1060 
8 12 14 85 173 261 349 437 525 613 701 789 877 965 1061 
8 12 11 86 174 262 350 438 526 614 702 790 878 966 1062 
10 13 14 87 175 263 351 439 527 615 703 791 879 967 1063 
9 10 15 80 168 256 344 432 520 608 696 784 872 960 1056 
11 14 15 81 169 257 345 433 521 609 697 785 873 961 1057 
9 11 13 82 170 258 346 434 522 610 698 786 874 962 1058 
8 12 13 83 171 259 347 435 523 611 699 787 875 963 1059 
23 17 18 44 132 220 308 396 484 572 660 748 836 924 1060 
16 20 22 45 133 221 309 397 485 573 661 749 837 925 1061 
16 20 19 46 134 222 310 398 486 574 662 750 838 926 1062 
18 21 22 47 135 223 311 399 487 575 663 751 839 927 1063 
17 18 23 40 128 216 304 392 480 568 656 744 832 920 1056 
19 22 23 41 129 217 305 393 481 569 657 745 833 921 1057 
17 19 21 42 130 218 306 394 482 570 658 746 834 922 1058 
16 20 21 43 131 219 307 395 483 571 659 747 835 923 1059 
31 25 26 60 148 236 324 412 500 588 676 764 852 940 1060 
24 28 30 61 149 237 325 413 501 589 677 765 853 941 1061 
24 28 27 62 150 238 326 414 502 590 678 766 854 942 1062 
26 29 30 63 151 239 327 415 503 591 679 767 855 943 1063 
25 26 31 56 144 232 320 408 496 584 672 760 848 936 1056 
27 30 31 57 145 233 321 409 497 585 673 761 849 937 1057 
25 27 29 58 146 234 322 410 498 586 674 762 850 938 1058 
24 28 29 59 147 235 323 411 499 587 675 763 851 939 1059 
39 33 34 68 156 244 332 420 508 596 684 772 860 948 1060 
32 36 38 69 157 245 333 421 509 597 685 773 861 949 1061 
32 36 35 70 158 246 334 422 510 598 686 774 862 950 1062 
34 37 38 71 159 247 335 423 511 599 687 775 863 951 1063 
33 34 39 64 152 240 328 416 504 592 680 768 856 944 1056 
35 38 39 65 153 241 329 417 505 593 681 769 857 945 1057 
33 35 37 66 154 242 330 418 506 594 682 770 858 946 1058 
32 36 37 67 155 243 331 419 507 595 683 771 859 947 1059 
47 41 42 20 108 196 284 372 460 548 636 724 812 900 1060 
40 44 46 21 109 197 285 373 461 549 637 725 813 901 1061 
40 44 43 22 110 198 286 374 462 550 638 726 814 902 1062 
42 45 46 23 111 199 287 375 463 551 639 727 815 903 1063 
41 42 47 16 104 192 280 368 456 544 632 720 808 896 1056 
43 46 47 17 105 193 281 369 457 545 633 721 809 897 1057 
41 43 45 18 106 194 282 370 458 546 634 722 810 898 1058 
40 44 45 19 107 195 283 371 459 547 635 723 811 899 1059 
55 49 50 76 164 252 340 428 516 604 692 780 868 956 1060 
48 52 54 77 165 253 341 429 517 605 693 781 869 957 1061 
48 52 51 78 166 254 342 430 518 606 694 782 870 958 1062 
50 53 54 79 167 255 343 431 519 607 695 783 871 959 1063 
49 50 55 72 160 248 336 424 512 600 688 776 864 952 1056 
51 54 55 73 161 249 337 425 513 601 689 777 865 953 1057 
49 51 53 74 162 250 338 426 514 602 690 778 866 954 1058 
48 52 53 75 163 251 339 427 515 603 691 779 867 955 1059 
63 57 58 28 116 204 292 380 468 556 644 732 820 908 1060 
56 60 62 29 117 205 293 381 469 557 645 733 821 909 1061 
56 60 59 30 118 206 294 382 470 558 646 734 822 910 1062 
58 61 62 31 119 207 295 383 471 559 647 735 823 911 1063 
57 58 63 24 112 200 288 376 464 552 640 728 816 904 1056 
59 62 63 25 113 201 289 377 465 553 641 729 817 905 1057 
57 59 61 26 114 202 290 378 466 554 642 730 818 906 1058 
56 60 61 27 115 203 291 379 467 555 643 731 819 907 1059 
71 65 66 36 124 212 300 388 476 564 652 740 828 916 1060 
64 68 70 37 125 213 301 389 477 565 653 741 829 917 1061 
64 68 67 38 126 214 302 390 478 566 654 742 830 918 1062 
66 69 70 39 127 215 303 391 479 567 655 743 831 919 1063 
65 66 71 32 120 208 296 384 472 560 648 736 824 912 1056 
67 70 71 33 121 209 297 385 473 561 649 737 825 913 1057 
65 67 69 34 122 210 298 386 474 562 650 738 826 914 1058 
64 68 69 35 123 211 299 387 475 563 651 739 827 915 1059 
79 73 74 52 140 228 316 404 492 580 668 756 844 932 1060 
72 76 78 53 141 229 317 405 493 581 669 757 845 933 1061 
72 76 75 54 142 230 318 406 494 582 670 758 846 934 1062 
74 77 78 55 143 231 319 407 495 583 671 759 847 935 1063 
73 74 79 48 136 224 312 400 488 576 664 752 840 928 1056 
75 78 79 49 137 225 313 401 489 577 665 753 841 929 1057 
73 75 77 50 138 226 314 402 490 578 666 754 842 930 1058 
72 76 77 51 139 227 315 403 491 579 667 755 843 931 1059 
87 81 82 12 100 188 276 364 452 540 628 716 804 892 1060 
80 84 86 13 101 189 277 365 453 541 629 717 805 893 1061 
80 84 83 14 102 190 278 366 454 542 630 718 806 894 1062 
82 85 86 15 103 191 279 367 455 543 631 719 807 895 1063 
81 82 87 8 96 184 272 360 448 536 624 712 800 888 1056 
83 86 87 9 97 185 273 361 449 537 625 713 801 889 1057 
81 83 85 10 98 186 274 362 450 538 626 714 802 890 1058 
80 84 85 11 99 187 275 363 451 539 627 715 803 891 1059 
95 89 90 884 892 900 908 916 924 932 940 948 956 964 972 
88 92 94 885 893 901 909 917 925 933 941 949 957 965 973 
88 92 91 886 894 902 910 918 926 934 942 950 958 966 974 
90 93 94 887 895 903 911 919 927 935 943 951 959 967 975 
89 90 95 880 888 896 904 912 920 928 936 944 952 960 968 
91 94 95 881 889 897 905 913 921 929 937 945 953 961 969 
89 91 93 882 890 898 906 914 922 930 938 946 954 962 970 
88 92 93 883 891 899 907 915 923 931 939 947 955 963 971 
103 97 98 84 164 244 324 404 484 564 644 724 804 884 1052 
96 100 102 85 165 245 325 405 485 565 645 725 805 885 1053 
96 100 99 86 166 246 326 406 486 566 646 726 806 886 1054 
98 101 102 87 167 247 327 407 487 567 647 727 807 887 1055 
97 98 103 80 160 240 320 400 480 560 640 720 800 880 1048 
99 102 103 81 161 241 321 401 481 561 641 721 801 881 1049 
97 99 101 82 162 242 322 402 482 562 642 722 802 882 1050 
96 100 101 83 163 243 323 403 483 563 643 723 803 883 1051 
111 105 106 44 172 212 340 380 508 548 676 716 844 884 1044 
104 108 110 45 173 213 341 381 509 549 677 717 845 885 1045 
104 108 107 46 174 214 342 382 510 550 678 718 846 886 1046 
106 109 110 47 175 215 343 383 511 551 679 719 847 887 1047 
105 106 111 40 168 208 336 376 504 544 672 712 840 880 1040 
107 110 111 41 169 209 337 377 505 545 673 713 841 881 1041 
105 107 109 42 170 210 338 378 506 546 674 714 842 882 1042 
104 108 109 43 171 211 339 379 507 547 675 715 843 883 1043 
119 113 114 60 260 316 372 516 572 628 772 828 884 1036 116 
112 116 118 61 261 317 373 517 573 629 773 829 885 1037 117 
112 116 115 62 262 318 374 518 574 630 774 830 886 1038 118 
114 117 118 63 263 319 375 519 575 631 775 831 887 1039 119 
113 114 119 56 256 312 368 512 568 624 768 824 880 1032 112 
115 118 119 57 257 313 369 513 569 625 769 825 881 1033 113 
113 115 117 58 258 314 370 514 570 626 770 826 882 1034 114 
112 116 117 59 259 315 371 515 571 627 771 827 883 1035 115 
127 121 122 68 132 196 348 412 476 540 692 756 820 884 1028 
120 124 126 69 133 197 349 413 477 541 693 757 821 885 1029 
120 124 123 70 134 198 350 414 478 542 694 758 822 886 1030 
122 125 126 71 135 199 351 415 479 543 695 759 823 887 1031 
121 122 127 64 128 192 344 408 472 536 688 752 816 880 1024 
123 126 127 65 129 193 345 409 473 537 689 753 817 881 1025 
121 123 125 66 130 194 346 410 474 538 690 754 818 882 1026 
120 124 125 67 131 195 347 411 475 539 691 755 819 883 1027 
135 129 130 20 124 228 332 436 452 556 660 764 868 884 1020 
128 132 134 21 125 229 333 437 453 557 661 765 869 885 1021 
128 132 131 22 126 230 334 438 454 558 662 766 870 886 1022 
130 133 134 23 127 231 335 439 455 559 663 767 871 887 1023 
129 130 135 16 120 224 328 432 448 552 656 760 864 880 1016 
131 134 135 17 121 225 329 433 449 553 657 761 865 881 1017 
129 131 133 18 122 226 330 434 450 554 658 762 866 882 1018 
128 132 133 19 123 227 331 435 451 555 659 763 867 883 1019 
143 137 138 76 148 220 292 364 524 596 668 740 812 884 1012 
136 140 142 77 149 221 293 365 525 597 669 741 813 885 1013 
136 140 139 78 150 222 294 366 526 598 670 742 814 886 1014 
138 141 142 79 151 223 295 367 527 599 671 743 815 887 1015 
137 138 143 72 144 216 288 360 520 592 664 736 808 880 1008 
139 142 143 73 145 217 289 361 521 593 665 737 809 881 1009 
137 139 141 74 146 218 290 362 522 594 666 738 810 882 1010 
136 140 141 75 147 219 291 363 523 595 667 739 811 883 1011 
151 145 146 28 140 252 276 388 500 612 636 748 860 884 1004 
144 148 150 29 141 253 277 389 501 613 637 749 861 885 1005 
144 148 147 30 142 254 278 390 502 614 638 750 862 886 1006 
146 149 150 31 143 255 279 391 503 615 639 751 863 887 1007 
145 146 151 24 136 248 272 384 496 608 632 744 856 880 1000 
147 150 151 25 137 249 273 385 497 609 633 745 857 881 1001 
145 147 149 26 138 250 274 386 498 610 634 746 858 882 1002 
144 148 149 27 139 251 275 387 499 611 635 747 859 883 1003 
159 153 154 36 188 308 428 460 580 700 732 852 884 996 156 
152 156 158 37 189 309 429 461 581 701 733 853 885 997 157 
152 156 155 38 190 310 430 462 582 702 734 854 886 998 158 
154 157 158 39 191 311 431 463 583 703 735 855 887 999 159 
153 154 159 32 184 304 424 456 576 696 728 848 880 992 152 
155 158 159 33 185 305 425 457 577 697 729 849 881 993 153 
153 155 157 34 186 306 426 458 578 698 730 850 882 994 154 
152 156 157 35 187 307 427 459 579 699 731 851 883 995 155 
167 161 162 52 100 236 284 420 468 604 652 788 836 884 988 
160 164 166 53 101 237 285 421 469 605 653 789 837 885 989 
160 164 163 54 102 238 286 422 470 606 654 790 838 886 990 
162 165 166 55 103 239 287 423 471 607 655 791 839 887 991 
161 162 167 48 96 232 280 416 464 600 648 784 832 880 984 
163 166 167 49 97 233 281 417 465 601 649 785 833 881 985 
161 163 165 50 98 234 282 418 466 602 650 786 834 882 986 
160 164 165 51 99 235 283 419 467 603 651 787 835 883 987 
175 169 170 12 108 204 300 396 492 588 684 780 876 884 980 
168 172 174 13 109 205 301 397 493 589 685 781 877 885 981 
168 172 171 14 110 206 302 398 494 590 686 782 878 886 982 
170 173 174 15 111 207 303 399 495 591 687 783 879 887 983 
169 170 175 8 104 200 296 392 488 584 680 776 872 880 976 
171 174 175 9 105 201 297 393 489 585 681 777 873 881 977 
169 171 173 10 106 202 298 394 490 586 682 778 874 882 978 
168 172 173 11 107 203 299 395 491 587 683 779 875 883 979 
183 177 178 444 452 460 468 476 484 492 500 508 516 524 972 
176 180 182 445 453 461 469 477 485 493 501 509 517 525 973 
176 180 179 446 454 462 470 478 486 494 502 510 518 526 974 
178 181 182 447 455 463 471 479 487 495 503 511 519 527 975 
177 178 183 440 448 456 464 472 480 488 496 504 512 520 968 
179 182 183 441 449 457 465 473 481 489 497 505 513 521 969 
177 179 181 442 450 458 466 474 482 490 498 506 514 522 970 
176 180 181 443 451 459 467 475 483 491 499 507 515 523 971 
191 185 186 84 156 228 300 372 444 604 676 748 820 892 1012 
184 188 190 85 157 229 301 373 445 605 677 749 821 893 1013 
184 188 187 86 158 230 302 374 446 606 678 750 822 894 1014 
186 189 190 87 159 231 303 375 447 607 679 751 823 895 1015 
185 186 191 80 152 224 296 368 440 600 672 744 816 888 1008 
187 190 191 81 153 225 297 369 441 601 673 745 817 889 1009 
185 187 189 82 154 226 298 370 442 602 674 746 818 890 1010 
184 188 189 83 155 227 299 371 443 603 675 747 819 891 1011 
199 193 194 44 124 204 284 364 444 612 692 772 852 932 1052 
192 196 198 45 125 205 285 365 445 613 693 773 853 933 1053 
192 196 195 46 126 206 286 366 446 614 694 774 854 934 1054 
194 197 198 47 127 207 287 367 447 615 695 775 855 935 1055 
193 194 199 40 120 200 280 360 440 608 688 768 848 928 1048 
195 198 199 41 121 201 281 361 441 609 689 769 849 929 1049 
193 195 197 42 122 202 282 362 442 610 690 770 850 930 1050 
192 196 197 43 123 203 283 363 443 611 691 771 851 931 1051 
207 201 202 60 172 196 308 420 444 556 668 780 804 916 1004 
200 204 206 61 173 197 309 421 445 557 669 781 805 917 1005 
200 204 203 62 174 198 310 422 446 558 670 782 806 918 1006 
202 205 206 63 175 199 311 423 447 559 671 783 807 919 1007 
201 202 207 56 168 192 304 416 440 552 664 776 800 912 1000 
203 206 207 57 169 193 305 417 441 553 665 777 801 913 1001 
201 203 205 58 170 194 306 418 442 554 666 778 802 914 1002 
200 204 205 59 171 195 307 419 443 555 667 779 803 915 1003 
215 209 210 68 108 236 276 404 444 572 700 740 868 908 1044 
208 212 214 69 109 237 277 405 445 573 701 741 869 909 1045 
208 212 211 70 110 238 278 406 446 574 702 742 870 910 1046 
210 213 214 71 111 239 279 407 447 575 703 743 871 911 1047 
209 210 215 64 104 232 272 400 440 568 696 736 864 904 1040 
211 214 215 65 105 233 273 401 441 569 697 737 865 905 1041 
209 211 213 66 106 234 274 402 442 570 698 738 866 906 1042 
208 212 213 67 107 235 275 403 443 571 699 739 867 907 1043 
223 217 218 20 140 260 292 412 444 564 684 716 836 956 996 
216 220 222 21 141 261 293 413 445 565 685 717 837 957 997 
216 220 219 22 142 262 294 414 446 566 686 718 838 958 998 
218 221 222 23 143 263 295 415 447 567 687 719 839 959 999 
217 218 223 16 136 256 288 408 440 560 680 712 832 952 992 
219 222 223 17 137 257 289 409 441 561 681 713 833 953 993 
217 219 221 18 138 258 290 410 442 562 682 714 834 954 994 
216 220 221 19 139 259 291 411 443 563 683 715 835 955 995 
231 225 226 76 132 188 332 388 444 588 644 788 844 900 1036 
224 228 230 77 133 189 333 389 445 589 645 789 845 901 1037 
224 228 227 78 134 190 334 390 446 590 646 790 846 902 1038 
226 229 230 79 135 191 335 391 447 591 647 791 847 903 1039 
225 226 231 72 128 184 328 384 440 584 640 784 840 896 1032 
227 230 231 73 129 185 329 385 441 585 641 785 841 897 1033 
225 227 229 74 130 186 330 386 442 586 642 786 842 898 1034 
224 228 229 75 131 187 331 387 443 587 643 787 843 899 1035 
239 233 234 28 164 212 348 396 444 580 628 764 812 948 988 
232 236 238 29 165 213 349 397 445 581 629 765 813 949 989 
232 236 235 30 166 214 350 398 446 582 630 766 814 950 990 
234 237 238 31 167 215 351 399 447 583 631 767 815 951 991 
233 234 239 24 160 208 344 392 440 576 624 760 808 944 984 
235 238 239 25 161 209 345 393 441 577 625 761 809 945 985 
233 235 237 26 162 210 346 394 442 578 626 762 810 946 986 
232 236 237 27 163 211 347 395 443 579 627 763 811 947 987 
247 241 242 36 100 252 316 380 444 596 660 724 876 940 1028 
240 244 246 37 101 253 317 381 445 597 661 725 877 941 1029 
240 244 243 38 102 254 318 382 446 598 662 726 878 942 1030 
242 245 246 39 103 255 319 383 447 599 663 727 879 943 1031 
241 242 247 32 96 248 312 376 440 592 656 720 872 936 1024 
243 246 247 33 97 249 313 377 441 593 657 721 873 937 1025 
241 243 245 34 98 250 314 378 442 594 658 722 874 938 1026 
240 244 245 35 99 251 315 379 443 595 659 723 875 939 1027 
255 249 250 52 148 244 340 436 444 540 636 732 828 924 980 
248 252 254 53 149 245 341 437 445 541 637 733 829 925 981 
248 252 251 54 150 246 342 438 446 542 638 734 830 926 982 
250 253 254 55 151 247 343 439 447 543 639 735 831 927 983 
249 250 255 48 144 240 336 432 440 536 632 728 824 920 976 
251 254 255 49 145 241 337 433 441 537 633 729 825 921 977 
249 251 253 50 146 242 338 434 442 538 634 730 826 922 978 
248 252 253 51 147 243 339 435 443 539 635 731 827 923 979 
263 257 258 12 116 220 324 428 444 548 652 756 860 964 1020 
256 260 262 13 117 221 325 429 445 549 653 757 861 965 1021 
256 260 259 14 118 222 326 430 446 550 654 758 862 966 1022 
258 261 262 15 119 223 327 431 447 551 655 759 863 967 1023 
257 258 263 8 112 216 320 424 440 544 648 752 856 960 1016 
259 262 263 9 113 217 321 425 441 545 649 753 857 961 1017 
257 259 261 10 114 218 322 426 442 546 650 754 858 962 1018 
256 260 261 11 115 219 323 427 443 547 651 755 859 963 1019 
271 265 266 620 628 636 644 652 660 668 676 684 692 700 972 
264 268 270 621 629 637 645 653 661 669 677 685 693 701 973 
264 268 267 622 630 638 646 654 662 670 678 686 694 702 974 
266 269 270 623 631 639 647 655 663 671 679 687 695 703 975 
265 266 271 616 624 632 640 648 656 664 672 680 688 696 968 
267 270 271 617 625 633 641 649 657 665 673 681 689 697 969 
265 267 269 618 626 634 642 650 658 666 674 682 690 698 970 
264 268 269 619 627 635 643 651 659 667 675 683 691 699 971 
279 273 274 84 148 212 428 492 556 620 772 836 900 1028 276 
272 276 278 85 149 213 429 493 557 621 773 837 901 1029 277 
272 276 275 86 150 214 430 494 558 622 774 838 902 1030 278 
274 277 278 87 151 215 431 495 559 623 775 839 903 1031 279 
273 274 279 80 144 208 424 488 552 616 768 832 896 1024 272 
275 278 279 81 145 209 425 489 553 617 769 833 897 1025 273 
273 275 277 82 146 210 426 490 554 618 770 834 898 1026 274 
272 276 277 83 147 211 427 491 555 619 771 835 899 1027 275 
287 281 282 44 164 196 316 436 468 588 620 740 860 892 996 
280 284 286 45 165 197 317 437 469 589 621 741 861 893 997 
280 284 283 46 166 198 318 438 470 590 622 742 862 894 998 
282 285 286 47 167 199 319 439 471 591 623 743 863 895 999 
281 282 287 40 160 192 312 432 464 584 616 736 856 888 992 
283 286 287 41 161 193 313 433 465 585 617 737 857 889 993 
281 283 285 42 162 194 314 434 466 586 618 738 858 890 994 
280 284 285 43 163 195 315 435 467 587 619 739 859 891 995 
295 289 290 60 140 220 300 380 460 540 620 788 868 948 1052 
288 292 294 61 141 221 301 381 461 541 621 789 869 949 1053 
288 292 291 62 142 222 302 382 462 542 622 790 870 950 1054 
290 293 294 63 143 223 303 383 463 543 623 791 871 951 1055 
289 290 295 56 136 216 296 376 456 536 616 784 864 944 1048 
291 294 295 57 137 217 297 377 457 537 617 785 865 945 1049 
289 291 293 58 138 218 298 378 458 538 618 786 866 946 1050 
288 292 293 59 139 219 299 379 459 539 619 787 867 947 1051 
303 297 298 68 172 188 292 396 500 604 620 724 828 932 1020 
296 300 302 69 173 189 293 397 501 605 621 725 829 933 1021 
296 300 299 70 174 190 294 398 502 606 622 726 830 934 1022 
298 301 302 71 175 191 295 399 503 607 623 727 831 935 1023 
297 298 303 64 168 184 288 392 496 600 616 720 824 928 1016 
299 302 303 65 169 185 289 393 497 601 617 721 825 929 1017 
297 299 301 66 170 186 290 394 498 602 618 722 826 930 1018 
296 300 301 67 171 187 291 395 499 603 619 723 827 931 1019 
311 305 306 20 156 204 340 388 524 572 620 756 804 940 988 
304 308 310 21 157 205 341 389 525 573 621 757 805 941 989 
304 308 307 22 158 206 342 390 526 574 622 758 806 942 990 
306 309 310 23 159 207 343 391 527 575 623 759 807 943 991 
305 306 311 16 152 200 336 384 520 568 616 752 800 936 984 
307 310 311 17 153 201 337 385 521 569 617 753 801 937 985 
305 307 309 18 154 202 338 386 522 570 618 754 802 938 986 
304 308 309 19 155 203 339 387 523 571 619 755 803 939 987 
319 313 314 76 116 244 284 412 452 580 620 748 876 916 1044 
312 316 318 77 117 245 285 413 453 581 621 749 877 917 1045 
312 316 315 78 118 246 286 414 454 582 622 750 878 918 1046 
314 317 318 79 119 247 287 415 455 583 623 751 879 919 1047 
313 314 319 72 112 240 280 408 448 576 616 744 872 912 1040 
315 318 319 73 113 241 281 409 449 577 617 745 873 913 1041 
313 315 317 74 114 242 282 410 450 578 618 746 874 914 1042 
312 316 317 75 115 243 283 411 451 579 619 747 875 915 1043 
327 321 322 28 100 260 332 404 476 548 620 780 852 924 1012 
320 324 326 29 101 261 333 405 477 549 621 781 853 925 1013 
320 324 323 30 102 262 334 406 478 550 622 782 854 926 1014 
322 325 326 31 103 263 335 407 479 551 623 783 855 927 1015 
321 322 327 24 96 256 328 400 472 544 616 776 848 920 1008 
323 326 327 25 97 257 329 401 473 545 617 777 849 921 1009 
321 323 325 26 98 258 330 402 474 546 618 778 850 922 1010 
320 324 325 27 99 259 331 403 475 547 619 779 851 923 1011 
335 329 330 36 132 228 324 420 516 612 620 716 812 908 980 
328 332 334 37 133 229 325 421 517 613 621 717 813 909 981 
328 332 331 38 134 230 326 422 518 614 622 718 814 910 982 
330 333 334 39 135 231 327 423 519 615 623 719 815 911 983 
329 330 335 32 128 224 320 416 512 608 616 712 808 904 976 
331 334 335 33 129 225 321 417 513 609 617 713 809 905 977 
329 331 333 34 130 226 322 418 514 610 618 714 810 906 978 
328 332 333 35 131 227 323 419 515 611 619 715 811 907 979 
343 337 338 52 108 252 308 364 508 564 620 764 820 964 1036 
336 340 342 53 109 253 309 365 509 565 621 765 821 965 1037 
336 340 339 54 110 254 310 366 510 566 622 766 822 966 1038 
338 341 342 55 111 255 311 367 511 567 623 767 823 967 1039 
337 338 343 48 104 248 304 360 504 560 616 760 816 960 1032 
339 342 343 49 105 249 305 361 505 561 617 761 817 961 1033 
337 339 341 50 106 250 306 362 506 562 618 762 818 962 1034 
336 340 341 51 107 251 307 363 507 563 619 763 819 963 1035 
351 345 346 12 124 236 372 484 596 620 732 844 956 1004 348 
344 348 350 13 125 237 373 485 597 621 733 845 957 1005 349 
344 348 347 14 126 238 374 486 598 622 734 846 958 1006 350 
346 349 350 15 127 239 375 487 599 623 735 847 959 1007 351 
345 346 351 8 120 232 368 480 592 616 728 840 952 1000 344 
347 350 351 9 121 233 369 481 593 617 729 841 953 1001 345 
345 347 349 10 122 234 370 482 594 618 730 842 954 1002 346 
344 348 349 11 123 235 371 483 595 619 731 843 955 1003 347 
359 353 354 708 716 724 732 740 748 756 764 772 780 788 972 
352 356 358 709 717 725 733 741 749 757 765 773 781 789 973 
352 356 355 710 718 726 734 742 750 758 766 774 782 790 974 
354 357 358 711 719 727 735 743 751 759 767 775 783 791 975 
353 354 359 704 712 720 728 736 744 752 760 768 776 784 968 
355 358 359 705 713 721 729 737 745 753 761 769 777 785 969 
353 355 357 706 714 722 730 738 746 754 762 770 778 786 970 
352 356 357 707 715 723 731 739 747 755 763 771 779 787 971 
367 361 362 84 140 196 340 396 452 596 652 708 852 908 1036 
360 364 366 85 141 197 341 397 453 597 653 709 853 909 1037 
360 364 363 86 142 198 342 398 454 598 654 710 854 910 1038 
362 365 366 87 143 199 343 399 455 599 655 711 855 911 1039 
361 362 367 80 136 192 336 392 448 592 648 704 848 904 1032 
363 366 367 81 137 193 337 393 449 593 649 705 849 905 1033 
361 363 365 82 138 194 338 394 450 594 650 706 850 906 1034 
360 364 365 83 139 195 339 395 451 595 651 707 851 907 1035 
375 369 370 44 116 188 348 420 492 564 636 708 868 940 1012 
368 372 374 45 117 189 349 421 493 565 637 709 869 941 1013 
368 372 371 46 118 190 350 422 494 566 638 710 870 942 1014 
370 373 374 47 119 191 351 423 495 567 639 711 871 943 1015 
369 370 375 40 112 184 344 416 488 560 632 704 864 936 1008 
371 374 375 41 113 185 345 417 489 561 633 705 865 937 1009 
369 371 373 42 114 186 346 418 490 562 634 706 866 938 1010 
368 372 373 43 115 187 347 419 491 563 635 707 867 939 1011 
383 377 378 60 108 244 292 428 476 612 660 708 844 892 988 
376 380 382 61 109 245 293 429 477 613 661 709 845 893 989 
376 380 379 62 110 246 294 430 478 614 662 710 846 894 990 
378 381 382 63 111 247 295 431 479 615 663 711 847 895 991 
377 378 383 56 104 240 288 424 472 608 656 704 840 888 984 
379 382 383 57 105 241 289 425 473 609 657 705 841 889 985 
377 379 381 58 106 242 290 426 474 610 658 706 842 890 986 
376 380 381 59 107 243 291 427 475 611 659 707 843 891 987 
391 385 386 68 148 228 308 468 548 628 708 876 956 1052 388 
384 388 390 69 149 229 309 469 549 629 709 877 957 1053 389 
384 388 387 70 150 230 310 470 550 630 710 878 958 1054 390 
386 389 390 71 151 231 311 471 551 631 711 879 959 1055 391 
385 386 391 64 144 224 304 464 544 624 704 872 952 1048 384 
387 390 391 65 145 225 305 465 545 625 705 873 953 1049 385 
385 387 389 66 146 226 306 466 546 626 706 874 954 1050 386 
384 388 389 67 147 227 307 467 547 627 707 875 955 1051 387 
399 393 394 20 172 236 300 364 516 580 644 708 860 924 1028 
392 396 398 21 173 237 301 365 517 581 645 709 861 925 1029 
392 396 395 22 174 238 302 366 518 582 646 710 862 926 1030 
394 397 398 23 175 239 303 367 519 583 647 711 863 927 1031 
393 394 399 16 168 232 296 360 512 576 640 704 856 920 1024 
395 398 399 17 169 233 297 361 513 577 641 705 857 921 1025 
393 395 397 18 170 234 298 362 514 578 642 706 858 922 1026 
392 396 397 19 171 235 299 363 515 579 643 707 859 923 1027 
407 401 402 76 100 212 324 436 460 572 684 708 820 932 1004 
400 404 406 77 101 213 325 437 461 573 685 709 821 933 1005 
400 404 403 78 102 214 326 438 462 574 686 710 822 934 1006 
402 405 406 79 103 215 327 439 463 575 687 711 823 935 1007 
401 402 407 72 96 208 320 432 456 568 680 704 816 928 1000 
403 406 407 73 97 209 321 433 457 569 681 705 817 929 1001 
401 403 405 74 98 210 322 434 458 570 682 706 818 930 1002 
400 404 405 75 99 211 323 435 459 571 683 707 819 931 1003 
415 409 410 28 124 220 316 508 604 700 708 804 900 980 412 
408 412 414 29 125 221 317 509 605 701 709 805 901 981 413 
408 412 411 30 126 222 318 510 606 702 710 806 902 982 414 
410 413 414 31 127 223 319 511 607 703 711 807 903 983 415 
409 410 415 24 120 216 312 504 600 696 704 800 896 976 408 
411 414 415 25 121 217 313 505 601 697 705 801 897 977 409 
409 411 413 26 122 218 314 506 602 698 706 802 898 978 410 
408 412 413 27 123 219 315 507 603 699 707 803 899 979 411 
423 417 418 36 164 204 332 372 500 540 668 708 836 964 1044 
416 420 422 37 165 205 333 373 501 541 669 709 837 965 1045 
416 420 419 38 166 206 334 374 502 542 670 710 838 966 1046 
418 421 422 39 167 207 335 375 503 543 671 711 839 967 1047 
417 418 423 32 160 200 328 368 496 536 664 704 832 960 1040 
419 422 423 33 161 201 329 369 497 537 665 705 833 961 1041 
417 419 421 34 162 202 330 370 498 538 666 706 834 962 1042 
416 420 421 35 163 203 331 371 499 539 667 707 835 963 1043 
431 425 426 52 156 260 276 380 484 588 692 708 812 916 1020 
424 428 430 53 157 261 277 381 485 589 693 709 813 917 1021 
424 428 427 54 158 262 278 382 486 590 694 710 814 918 1022 
426 429 430 55 159 263 279 383 487 591 695 711 815 919 1023 
425 426 431 48 152 256 272 376 480 584 688 704 808 912 1016 
427 430 431 49 153 257 273 377 481 585 689 705 809 913 1017 
425 427 429 50 154 258 274 378 482 586 690 706 810 914 1018 
424 428 429 51 155 259 275 379 483 587 691 707 811 915 1019 
439 433 434 12 132 252 284 404 524 556 676 708 828 948 996 
432 436 438 13 133 253 285 405 525 557 677 709 829 949 997 
432 436 435 14 134 254 286 406 526 558 678 710 830 950 998 
434 437 438 15 135 255 287 407 527 559 679 711 831 951 999 
433 434 439 8 128 248 280 400 520 552 672 704 824 944 992 
435 438 439 9 129 249 281 401 521 553 673 705 825 945 993 
433 435 437 10 130 250 282 402 522 554 674 706 826 946 994 
432 436 437 11 131 251 283 403 523 555 675 707 827 947 995 
447 441 442 180 188 196 204 212 220 228 236 244 252 260 972 
440 444 446 181 189 197 205 213 221 229 237 245 253 261 973 
440 444 443 182 190 198 206 214 222 230 238 246 254 262 974 
442 445 446 183 191 199 207 215 223 231 239 247 255 263 975 
441 442 447 176 184 192 200 208 216 224 232 240 248 256 968 
443 446 447 177 185 193 201 209 217 225 233 241 249 257 969 
441 443 445 178 186 194 202 210 218 226 234 242 250 258 970 
440 444 445 179 187 195 203 211 219 227 235 243 251 259 971 
455 449 450 84 132 180 316 364 500 548 684 732 868 916 988 
448 452 454 85 133 181 317 365 501 549 685 733 869 917 989 
448 452 451 86 134 182 318 366 502 550 686 734 870 918 990 
450 453 454 87 135 183 319 367 503 551 687 735 871 919 991 
449 450 455 80 128 176 312 360 496 544 680 728 864 912 984 
451 454 455 81 129 177 313 361 497 545 681 729 865 913 985 
449 451 453 82 130 178 314 362 498 546 682 730 866 914 986 
448 452 453 83 131 179 315 363 499 547 683 731 867 915 987 
463 457 458 44 156 180 292 404 516 540 652 764 876 900 1004 
456 460 462 45 157 181 293 405 517 541 653 765 877 901 1005 
456 460 459 46 158 182 294 406 518 542 654 766 878 902 1006 
458 461 462 47 159 183 295 407 519 543 655 767 879 903 1007 
457 458 463 40 152 176 288 400 512 536 648 760 872 896 1000 
459 462 463 41 153 177 289 401 513 537 649 761 873 897 1001 
457 459 461 42 154 178 290 402 514 538 650 762 874 898 1002 
456 460 461 43 155 179 291 403 515 539 651 763 875 899 1003 
471 465 466 60 164 180 284 388 492 596 700 716 820 924 1020 
464 468 470 61 165 181 285 389 493 597 701 717 821 925 1021 
464 468 467 62 166 182 286 390 494 598 702 718 822 926 1022 
466 469 470 63 167 183 287 391 495 599 703 719 823 927 1023 
465 466 471 56 160 176 280 384 488 592 696 712 816 920 1016 
467 470 471 57 161 177 281 385 489 593 697 713 817 921 1017 
465 467 469 58 162 178 282 386 490 594 698 714 818 922 1018 
464 468 469 59 163 179 283 387 491 595 699 715 819 923 1019 
479 473 474 68 124 180 324 380 524 580 636 780 836 892 1036 
472 476 478 69 125 181 325 381 525 581 637 781 837 893 1037 
472 476 475 70 126 182 326 382 526 582 638 782 838 894 1038 
474 477 478 71 127 183 327 383 527 583 639 783 839 895 1039 
473 474 479 64 120 176 320 376 520 576 632 776 832 888 1032 
475 478 479 65 121 177 321 377 521 577 633 777 833 889 1033 
473 475 477 66 122 178 322 378 522 578 634 778 834 890 1034 
472 476 477 67 123 179 323 379 523 579 635 779 835 891 1035 
487 481 482 20 100 180 348 428 508 588 668 748 828 908 1052 
480 484 486 21 101 181 349 429 509 589 669 749 829 909 1053 
480 484 483 22 102 182 350 430 510 590 670 750 830 910 1054 
482 485 486 23 103 183 351 431 511 591 671 751 831 911 1055 
481 482 487 16 96 176 344 424 504 584 664 744 824 904 1048 
483 486 487 17 97 177 345 425 505 585 665 745 825 905 1049 
481 483 485 18 98 178 346 426 506 586 666 746 826 906 1050 
480 484 485 19 99 179 347 427 507 587 667 747 827 907 1051 
495 489 490 76 172 180 276 372 468 564 660 756 852 948 980 
488 492 494 77 173 181 277 373 469 565 661 757 853 949 981 
488 492 491 78 174 182 278 374 470 566 662 758 854 950 982 
490 493 494 79 175 183 279 375 471 567 663 759 855 951 983 
489 490 495 72 168 176 272 368 464 560 656 752 848 944 976 
491 494 495 73 169 177 273 369 465 561 657 753 849 945 977 
489 491 493 74 170 178 274 370 466 562 658 754 850 946 978 
488 492 493 75 171 179 275 371 467 563 659 755 851 947 979 
503 497 498 28 148 180 300 420 452 572 692 724 844 964 996 
496 500 502 29 149 181 301 421 453 573 693 725 845 965 997 
496 500 499 30 150 182 302 422 454 574 694 726 846 966 998 
498 501 502 31 151 183 303 423 455 575 695 727 847 967 999 
497 498 503 24 144 176 296 416 448 568 688 720 840 960 992 
499 502 503 25 145 177 297 417 449 569 689 721 841 961 993 
497 499 501 26 146 178 298 418 450 570 690 722 842 962 994 
496 500 501 27 147 179 299 419 451 571 691 723 843 963 995 
511 505 506 36 108 180 340 412 484 556 628 788 860 932 1012 
504 508 510 37 109 181 341 413 485 557 629 789 861 933 1013 
504 508 507 38 110 182 342 414 486 558 630 790 862 934 1014 
506 509 510 39 111 183 343 415 487 559 631 791 863 935 1015 
505 506 511 32 104 176 336 408 480 552 624 784 856 928 1008 
507 510 511 33 105 177 337 409 481 553 625 785 857 929 1009 
505 507 509 34 106 178 338 410 482 554 626 786 858 930 1010 
504 508 509 35 107 179 339 411 483 555 627 787 859 931 1011 
519 513 514 52 116 180 332 396 460 612 676 740 804 956 1028 
512 516 518 53 117 181 333 397 461 613 677 741 805 957 1029 
512 516 515 54 118 182 334 398 462 614 678 742 806 958 1030 
514 517 518 55 119 183 335 399 463 615 679 743 807 959 1031 
513 514 519 48 112 176 328 392 456 608 672 736 800 952 1024 
515 518 519 49 113 177 329 393 457 609 673 737 801 953 1025 
513 515 517 50 114 178 330 394 458 610 674 738 802 954 1026 
512 516 517 51 115 179 331 395 459 611 675 739 803 955 1027 
527 521 522 12 140 180 308 436 476 604 644 772 812 940 1044 
520 524 526 13 141 181 309 437 477 605 645 773 813 941 1045 
520 524 523 14 142 182 310 438 478 606 646 774 814 942 1046 
522 525 526 15 143 183 311 439 479 607 647 775 815 943 1047 
521 522 527 8 136 176 304 432 472 600 640 768 808 936 1040 
523 526 527 9 137 177 305 433 473 601 641 769 809 937 1041 
521 523 525 10 138 178 306 434 474 602 642 770 810 938 1042 
520 524 525 11 139 179 307 435 475 603 643 771 811 939 1043 
535 529 530 796 804 812 820 828 836 844 852 860 868 876 972 
528 532 534 797 805 813 821 829 837 845 853 861 869 877 973 
528 532 531 798 806 814 822 830 838 846 854 862 870 878 974 
530 533 534 799 807 815 823 831 839 847 855 863 871 879 975 
529 530 535 792 800 808 816 824 832 840 848 856 864 872 968 
531 534 535 793 801 809 817 825 833 841 849 857 865 873 969 
529 531 533 794 802 810 818 826 834 842 850 858 866 874 970 
528 532 533 795 803 811 819 827 835 843 851 859 867 875 971 
543 537 538 84 124 252 292 420 460 588 628 756 796 924 1044 
536 540 542 85 125 253 293 421 461 589 629 757 797 925 1045 
536 540 539 86 126 254 294 422 462 590 630 758 798 926 1046 
538 541 542 87 127 255 295 423 463 591 631 759 799 927 1047 
537 538 543 80 120 248 288 416 456 584 624 752 792 920 1040 
539 542 543 81 121 249 289 417 457 585 625 753 793 921 1041 
537 539 541 82 122 250 290 418 458 586 626 754 794 922 1042 
536 540 541 83 123 251 291 419 459 587 627 755 795 923 1043 
551 545 546 44 108 260 324 388 452 604 668 732 796 948 1028 
544 548 550 45 109 261 325 389 453 605 669 733 797 949 1029 
544 548 547 46 110 262 326 390 454 606 670 734 798 950 1030 
546 549 550 47 111 263 327 391 455 607 671 735 799 951 1031 
545 546 551 40 104 256 320 384 448 600 664 728 792 944 1024 
547 550 551 41 105 257 321 385 449 601 665 729 793 945 1025 
545 547 549 42 106 258 322 386 450 602 666 730 794 946 1026 
544 548 549 43 107 259 323 387 451 603 667 731 795 947 1027 
559 553 554 60 132 204 276 436 508 580 652 724 796 956 1012 
552 556 558 61 133 205 277 437 509 581 653 725 797 957 1013 
552 556 555 62 134 206 278 438 510 582 654 726 798 958 1014 
554 557 558 63 135 207 279 439 511 583 655 727 799 959 1015 
553 554 559 56 128 200 272 432 504 576 648 720 792 952 1008 
555 558 559 57 129 201 273 433 505 577 649 721 793 953 1009 
553 555 557 58 130 202 274 434 506 578 650 722 794 954 1010 
552 556 557 59 131 203 275 435 507 579 651 723 795 955 1011 
567 561 562 68 100 220 340 372 492 612 644 764 796 916 996 
560 564 566 69 101 221 341 373 493 613 645 765 797 917 997 
560 564 563 70 102 222 342 374 494 614 646 766 798 918 998 
562 565 566 71 103 223 343 375 495 615 647 767 799 919 999 
561 562 567 64 96 216 336 368 488 608 640 760 792 912 992 
563 566 567 65 97 217 337 369 489 609 641 761 793 913 993 
561 563 565 66 98 218 338 370 490 610 642 762 794 914 994 
560 564 565 67 99 219 339 371 491 611 643 763 795 915 995 
575 569 570 20 116 212 308 404 500 596 692 788 796 892 980 
568 572 574 21 117 213 309 405 501 597 693 789 797 893 981 
568 572 571 22 118 214 310 406 502 598 694 790 798 894 982 
570 573 574 23 119 215 311 407 503 599 695 791 799 895 983 
569 570 575 16 112 208 304 400 496 592 688 784 792 888 976 
571 574 575 17 113 209 305 401 497 593 689 785 793 889 977 
569 571 573 18 114 210 306 402 498 594 690 786 794 890 978 
568 572 573 19 115 211 307 403 499 595 691 787 795 891 979 
583 577 578 76 156 236 316 396 476 556 636 716 796 964 1052 
576 580 582 77 157 237 317 397 477 557 637 717 797 965 1053 
576 580 579 78 158 238 318 398 478 558 638 718 798 966 1054 
578 581 582 79 159 239 319 399 479 559 639 719 799 967 1055 
577 578 583 72 152 232 312 392 472 552 632 712 792 960 1048 
579 582 583 73 153 233 313 393 473 553 633 713 793 961 1049 
577 579 581 74 154 234 314 394 474 554 634 714 794 962 1050 
576 580 581 75 155 235 315 395 475 555 635 715 795 963 1051 
591 585 586 28 172 228 284 428 484 540 684 740 796 940 1036 
584 588 590 29 173 229 285 429 485 541 685 741 797 941 1037 
584 588 587 30 174 230 286 430 486 542 686 742 798 942 1038 
586 589 590 31 175 231 287 431 487 543 687 743 799 943 1039 
585 586 591 24 168 224 280 424 480 536 680 736 792 936 1032 
587 590 591 25 169 225 281 425 481 537 681 737 793 937 1033 
585 587 589 26 170 226 282 426 482 538 682 738 794 938 1034 
584 588 589 27 171 227 283 427 483 539 683 739 795 939 1035 
599 593 594 36 140 244 348 364 468 572 676 780 796 900 1020 
592 596 598 37 141 245 349 365 469 573 677 781 797 901 1021 
592 596 595 38 142 246 350 366 470 574 678 782 798 902 1022 
594 597 598 39 143 247 351 367 471 575 679 783 799 903 1023 
593 594 599 32 136 240 344 360 464 568 672 776 792 896 1016 
595 598 599 33 137 241 345 361 465 569 673 777 793 897 1017 
593 595 597 34 138 242 346 362 466 570 674 778 794 898 1018 
592 596 597 35 139 243 347 363 467 571 675 779 795 899 1019 
607 601 602 52 164 188 300 412 524 548 660 772 796 908 1004 
600 604 606 53 165 189 301 413 525 549 661 773 797 909 1005 
600 604 603 54 166 190 302 414 526 550 662 774 798 910 1006 
602 605 606 55 167 191 303 415 527 551 663 775 799 911 1007 
601 602 607 48 160 184 296 408 520 544 656 768 792 904 1000 
603 606 607 49 161 185 297 409 521 545 657 769 793 905 1001 
601 603 605 50 162 186 298 410 522 546 658 770 794 906 1002 
600 604 605 51 163 187 299 411 523 547 659 771 795 907 1003 
615 609 610 12 148 196 332 380 516 564 700 748 796 932 988 
608 612 614 13 149 197 333 381 517 565 701 749 797 933 989 
608 612 611 14 150 198 334 382 518 566 702 750 798 934 990 
610 613 614 15 151 199 335 383 519 567 703 751 799 935 991 
609 610 615 8 144 192 328 376 512 560 696 744 792 928 984 
611 614 615 9 145 193 329 377 513 561 697 745 793 929 985 
609 611 613 10 146 194 330 378 514 562 698 746 794 930 986 
608 612 613 11 147 195 331 379 515 563 699 747 795 931 987 
623 617 618 268 276 284 292 300 308 316 324 332 340 348 972 
616 620 622 269 277 285 293 301 309 317 325 333 341 349 973 
616 620 619 270 278 286 294 302 310 318 326 334 342 350 974 
618 621 622 271 279 287 295 303 311 319 327 335 343 351 975 
617 618 623 264 272 280 288 296 304 312 320 328 336 344 968 
619 622 623 265 273 281 289 297 305 313 321 329 337 345 969 
617 619 621 266 274 282 290 298 306 314 322 330 338 346 970 
616 620 621 267 275 283 291 299 307 315 323 331 339 347 971 
631 625 626 84 116 236 268 388 508 540 660 780 812 932 996 
624 628 630 85 117 237 269 389 509 541 661 781 813 933 997 
624 628 627 86 118 238 270 390 510 542 662 782 814 934 998 
626 629 630 87 119 239 271 391 511 543 663 783 815 935 999 
625 626 631 80 112 232 264 384 504 536 656 776 808 928 992 
627 630 631 81 113 233 265 385 505 537 657 777 809 929 993 
625 627 629 82 114 234 266 386 506 538 658 778 810 930 994 
624 628 629 83 115 235 267 387 507 539 659 779 811 931 995 
639 633 634 44 148 252 268 372 476 580 684 788 804 908 1020 
632 636 638 45 149 253 269 373 477 581 685 789 805 909 1021 
632 636 635 46 150 254 270 374 478 582 686 790 806 910 1022 
634 637 638 47 151 255 271 375 479 583 687 791 807 911 1023 
633 634 639 40 144 248 264 368 472 576 680 784 800 904 1016 
635 638 639 41 145 249 265 369 473 577 681 785 801 905 1017 
633 635 637 42 146 250 266 370 474 578 682 786 802 906 1018 
632 636 637 43 147 251 267 371 475 579 683 787 803 907 1019 
647 641 642 60 100 228 268 396 524 564 692 732 860 900 1044 
640 644 646 61 101 229 269 397 525 565 693 733 861 901 1045 
640 644 643 62 102 230 270 398 526 566 694 734 862 902 1046 
642 645 646 63 103 231 271 399 527 567 695 735 863 903 1047 
641 642 647 56 96 224 264 392 520 560 688 728 856 896 1040 
643 646 647 57 97 225 265 393 521 561 689 729 857 897 1041 
641 643 645 58 98 226 266 394 522 562 690 730 858 898 1042 
640 644 645 59 99 227 267 395 523 563 691 731 859 899 1043 
655 649 650 68 164 260 268 364 460 556 748 844 940 980 652 
648 652 654 69 165 261 269 365 461 557 749 845 941 981 653 
648 652 651 70 166 262 270 366 462 558 750 846 942 982 654 
650 653 654 71 167 263 271 367 463 559 751 847 943 983 655 
649 650 655 64 160 256 264 360 456 552 744 840 936 976 648 
651 654 655 65 161 257 265 361 457 553 745 841 937 977 649 
649 651 653 66 162 258 266 362 458 554 746 842 938 978 650 
648 652 653 67 163 259 267 363 459 555 747 843 939 979 651 
663 657 658 20 132 244 268 380 492 604 628 740 852 964 1004 
656 660 662 21 133 245 269 381 493 605 629 741 853 965 1005 
656 660 659 22 134 246 270 382 494 606 630 742 854 966 1006 
658 661 662 23 135 247 271 383 495 607 631 743 855 967 1007 
657 658 663 16 128 240 264 376 488 600 624 736 848 960 1000 
659 662 663 17 129 241 265 377 489 601 625 737 849 961 1001 
657 659 661 18 130 242 266 378 490 602 626 738 850 962 1002 
656 660 661 19 131 243 267 379 491 603 627 739 851 963 1003 
671 665 666 76 140 204 268 420 484 548 700 764 828 892 1028 
664 668 670 77 141 205 269 421 485 549 701 765 829 893 1029 
664 668 667 78 142 206 270 422 486 550 702 766 830 894 1030 
666 669 670 79 143 207 271 423 487 551 703 767 831 895 1031 
665 666 671 72 136 200 264 416 480 544 696 760 824 888 1024 
667 670 671 73 137 201 265 417 481 545 697 761 825 889 1025 
665 667 669 74 138 202 266 418 482 546 698 762 826 890 1026 
664 668 669 75 139 203 267 419 483 547 699 763 827 891 1027 
679 673 674 28 108 188 268 436 516 596 756 836 916 1052 676 
672 676 678 29 109 189 269 437 517 597 757 837 917 1053 677 
672 676 675 30 110 190 270 438 518 598 758 838 918 1054 678 
674 677 678 31 111 191 271 439 519 599 759 839 919 1055 679 
673 674 679 24 104 184 264 432 512 592 752 832 912 1048 672 
675 678 679 25 105 185 265 433 513 593 753 833 913 1049 673 
673 675 677 26 106 186 266 434 514 594 754 834 914 1050 674 
672 676 677 27 107 187 267 435 515 595 755 835 915 1051 675 
687 681 682 36 172 220 268 404 452 588 636 772 820 956 988 
680 684 686 37 173 221 269 405 453 589 637 773 821 957 989 
680 684 683 38 174 222 270 406 454 590 638 774 822 958 990 
682 685 686 39 175 223 271 407 455 591 639 775 823 959 991 
681 682 687 32 168 216 264 400 448 584 632 768 816 952 984 
683 686 687 33 169 217 265 401 449 585 633 769 817 953 985 
681 683 685 34 170 218 266 402 450 586 634 770 818 954 986 
680 684 685 35 171 219 267 403 451 587 635 771 819 955 987 
695 689 690 52 124 196 268 428 500 572 644 716 876 948 1012 
688 692 694 53 125 197 269 429 501 573 645 717 877 949 1013 
688 692 691 54 126 198 270 430 502 574 646 718 878 950 1014 
690 693 694 55 127 199 271 431 503 575 647 719 879 951 1015 
689 690 695 48 120 192 264 424 496 568 640 712 872 944 1008 
691 694 695 49 121 193 265 425 497 569 641 713 873 945 1009 
689 691 693 50 122 194 266 426 498 570 642 714 874 946 1010 
688 692 693 51 123 195 267 427 499 571 643 715 875 947 1011 
703 697 698 12 156 212 268 412 468 612 668 724 868 924 1036 
696 700 702 13 157 213 269 413 469 613 669 725 869 925 1037 
696 700 699 14 158 214 270 414 470 614 670 726 870 926 1038 
698 701 702 15 159 215 271 415 471 615 671 727 871 927 1039 
697 698 703 8 152 208 264 408 464 608 664 720 864 920 1032 
699 702 703 9 153 209 265 409 465 609 665 721 865 921 1033 
697 699 701 10 154 210 266 410 466 610 666 722 866 922 1034 
696 700 701 11 155 211 267 411 467 611 667 723 867 923 1035 
711 705 706 356 364 372 380 388 396 404 412 420 428 436 972 
704 708 710 357 365 373 381 389 397 405 413 421 429 437 973 
704 708 707 358 366 374 382 390 398 406 414 422 430 438 974 
706 709 710 359 367 375 383 391 399 407 415 423 431 439 975 
705 706 711 352 360 368 376 384 392 400 408 416 424 432 968 
707 710 711 353 361 369 377 385 393 401 409 417 425 433 969 
705 707 709 354 362 370 378 386 394 402 410 418 426 434 970 
704 708 709 355 363 371 379 387 395 403 411 419 427 435 971 
719 713 714 84 108 220 332 356 468 580 692 828 940 1004 716 
712 716 718 85 109 221 333 357 469 581 693 829 941 1005 717 
712 716 715 86 110 222 334 358 470 582 694 830 942 1006 718 
714 717 718 87 111 223 335 359 471 583 695 831 943 1007 719 
713 714 719 80 104 216 328 352 464 576 688 824 936 1000 712 
715 718 719 81 105 217 329 353 465 577 689 825 937 1001 713 
713 715 717 82 106 218 330 354 466 578 690 826 938 1002 714 
712 716 717 83 107 219 331 355 467 579 691 827 939 1003 715 
727 721 722 44 100 244 300 356 500 556 700 756 812 956 1036 
720 724 726 45 101 245 301 357 501 557 701 757 813 957 1037 
720 724 723 46 102 246 302 358 502 558 702 758 814 958 1038 
722 725 726 47 103 247 303 359 503 559 703 759 815 959 1039 
721 722 727 40 96 240 296 352 496 552 696 752 808 952 1032 
723 726 727 41 97 241 297 353 497 553 697 753 809 953 1033 
721 723 725 42 98 242 298 354 498 554 698 754 810 954 1034 
720 724 725 43 99 243 299 355 499 555 699 755 811 955 1035 
735 729 730 60 156 252 348 356 452 548 644 740 836 932 980 
728 732 734 61 157 253 349 357 453 549 645 741 837 933 981 
728 732 731 62 158 254 350 358 454 550 646 742 838 934 982 
730 733 734 63 159 255 351 359 455 551 647 743 839 935 983 
729 730 735 56 152 248 344 352 448 544 640 736 832 928 976 
731 734 735 57 153 249 345 353 449 545 641 737 833 929 977 
729 731 733 58 154 250 346 354 450 546 642 738 834 930 978 
728 732 733 59 155 251 347 355 451 547 643 739 835 931 979 
743 737 738 68 140 212 284 356 516 588 660 732 804 964 1012 
736 740 742 69 141 213 285 357 517 589 661 733 805 965 1013 
736 740 739 70 142 214 286 358 518 590 662 734 806 966 1014 
738 741 742 71 143 215 287 359 519 591 663 735 807 967 1015 
737 738 743 64 136 208 280 352 512 584 656 728 800 960 1008 
739 742 743 65 137 209 281 353 513 585 657 729 801 961 1009 
737 739 741 66 138 210 282 354 514 586 658 730 802 962 1010 
736 740 741 67 139 211 283 355 515 587 659 731 803 963 1011 
751 745 746 20 148 188 316 356 484 612 652 780 820 948 1044 
744 748 750 21 149 189 317 357 485 613 653 781 821 949 1045 
744 748 747 22 150 190 318 358 486 614 654 782 822 950 1046 
746 749 750 23 151 191 319 359 487 615 655 783 823 951 1047 
745 746 751 16 144 184 312 352 480 608 648 776 816 944 1040 
747 750 751 17 145 185 313 353 481 609 649 777 817 945 1041 
745 747 749 18 146 186 314 354 482 610 650 778 818 946 1042 
744 748 749 19 147 187 315 355 483 611 651 779 819 947 1043 
759 753 754 76 124 260 308 356 492 540 676 724 860 908 988 
752 756 758 77 125 261 309 357 493 541 677 725 861 909 989 
752 756 755 78 126 262 310 358 494 542 678 726 862 910 990 
754 757 758 79 127 263 311 359 495 543 679 727 863 911 991 
753 754 759 72 120 256 304 352 488 536 672 720 856 904 984 
755 758 759 73 121 257 305 353 489 537 673 721 857 905 985 
753 755 757 74 122 258 306 354 490 538 674 722 858 906 986 
752 756 757 75 123 259 307 355 491 539 675 723 859 907 987 
767 761 762 28 132 236 340 356 460 564 668 772 876 892 1020 
760 764 766 29 133 237 341 357 461 565 669 773 877 893 1021 
760 764 763 30 134 238 342 358 462 566 670 774 878 894 1022 
762 765 766 31 135 239 343 359 463 567 671 775 879 895 1023 
761 762 767 24 128 232 336 352 456 560 664 768 872 888 1016 
763 766 767 25 129 233 337 353 457 561 665 769 873 889 1017 
761 763 765 26 130 234 338 354 458 562 666 770 874 890 1018 
760 764 765 27 131 235 339 355 459 563 667 771 875 891 1019 
775 769 770 36 116 196 276 356 524 604 684 764 844 924 1052 
768 772 774 37 117 197 277 357 525 605 685 765 845 925 1053 
768 772 771 38 118 198 278 358 526 606 686 766 846 926 1054 
770 773 774 39 119 199 279 359 527 607 687 767 847 927 1055 
769 770 775 32 112 192 272 352 520 600 680 760 840 920 1048 
771 774 775 33 113 193 273 353 521 601 681 761 841 921 1049 
769 771 773 34 114 194 274 354 522 602 682 762 842 922 1050 
768 772 773 35 115 195 275 355 523 603 683 763 843 923 1051 
783 777 778 52 172 204 324 356 476 596 628 748 868 900 996 
776 780 782 53 173 205 325 357 477 597 629 749 869 901 997 
776 780 779 54 174 206 326 358 478 598 630 750 870 902 998 
778 781 782 55 175 207 327 359 479 599 631 751 871 903 999 
777 778 783 48 168 200 320 352 472 592 624 744 864 896 992 
779 782 783 49 169 201 321 353 473 593 625 745 865 897 993 
777 779 781 50 170 202 322 354 474 594 626 746 866 898 994 
776 780 781 51 171 203 323 355 475 595 627 747 867 899 995 
791 785 786 12 164 228 292 356 508 572 636 852 916 1028 788 
784 788 790 13 165 229 293 357 509 573 637 853 917 1029 789 
784 788 787 14 166 230 294 358 510 574 638 854 918 1030 790 
786 789 790 15 167 231 295 359 511 575 639 855 919 1031 791 
785 786 791 8 160 224 288 352 504 568 632 848 912 1024 784 
787 790 791 9 161 225 289 353 505 569 633 849 913 1025 785 
785 787 789 10 162 226 290 354 506 570 634 850 914 1026 786 
784 788 789 11 163 227 291 355 507 571 635 851 915 1027 787 
799 793 794 532 540 548 556 564 572 580 588 596 604 612 972 
792 796 798 533 541 549 557 565 573 581 589 597 605 613 973 
792 796 795 534 542 550 558 566 574 582 590 598 606 614 974 
794 797 798 535 543 551 559 567 575 583 591 599 607 615 975 
793 794 799 528 536 544 552 560 568 576 584 592 600 608 968 
795 798 799 529 537 545 553 561 569 577 585 593 601 609 969 
793 795 797 530 538 546 554 562 570 578 586 594 602 610 970 
792 796 797 531 539 547 555 563 571 579 587 595 603 611 971 
807 801 802 84 100 204 308 412 516 532 636 740 844 948 1020 
800 804 806 85 101 205 309 413 517 533 637 741 845 949 1021 
800 804 803 86 102 206 310 414 518 534 638 742 846 950 1022 
802 805 806 87 103 207 311 415 519 535 639 743 847 951 1023 
801 802 807 80 96 200 304 408 512 528 632 736 840 944 1016 
803 806 807 81 97 201 305 409 513 529 633 737 841 945 1017 
801 803 805 82 98 202 306 410 514 530 634 738 842 946 1018 
800 804 805 83 99 203 307 411 515 531 635 739 843 947 1019 
815 809 810 44 140 236 332 428 524 532 628 724 820 916 980 
808 812 814 45 141 237 333 429 525 533 629 725 821 917 981 
808 812 811 46 142 238 334 430 526 534 630 726 822 918 982 
810 813 814 47 143 239 335 431 527 535 631 727 823 919 983 
809 810 815 40 136 232 328 424 520 528 624 720 816 912 976 
811 814 815 41 137 233 329 425 521 529 625 721 817 913 977 
809 811 813 42 138 234 330 426 522 530 626 722 818 914 978 
808 812 813 43 139 235 331 427 523 531 627 723 819 915 979 
823 817 818 60 124 188 340 404 468 532 684 748 812 964 1028 
816 820 822 61 125 189 341 405 469 533 685 749 813 965 1029 
816 820 819 62 126 190 342 406 470 534 686 750 814 966 1030 
818 821 822 63 127 191 343 407 471 535 687 751 815 967 1031 
817 818 823 56 120 184 336 400 464 528 680 744 808 960 1024 
819 822 823 57 121 185 337 401 465 529 681 745 809 961 1025 
817 819 821 58 122 186 338 402 466 530 682 746 810 962 1026 
816 820 821 59 123 187 339 403 467 531 683 747 811 963 1027 
831 825 826 68 116 252 300 436 484 532 668 716 852 900 988 
824 828 830 69 117 253 301 437 485 533 669 717 853 901 989 
824 828 827 70 118 254 302 438 486 534 670 718 854 902 990 
826 829 830 71 119 255 303 439 487 535 671 719 855 903 991 
825 826 831 64 112 248 296 432 480 528 664 712 848 896 984 
827 830 831 65 113 249 297 433 481 529 665 713 849 897 985 
825 827 829 66 114 250 298 434 482 530 666 714 850 898 986 
824 828 829 67 115 251 299 435 483 531 667 715 851 899 987 
839 833 834 20 164 220 276 420 476 532 676 732 876 932 1036 
832 836 838 21 165 221 277 421 477 533 677 733 877 933 1037 
832 836 835 22 166 222 278 422 478 534 678 734 878 934 1038 
834 837 838 23 167 223 279 423 479 535 679 735 879 935 1039 
833 834 839 16 160 216 272 416 472 528 672 728 872 928 1032 
835 838 839 17 161 217 273 417 473 529 673 729 873 929 1033 
833 835 837 18 162 218 274 418 474 530 674 730 874 930 1034 
832 836 837 19 163 219 275 419 475 531 675 731 875 931 1035 
847 841 842 76 108 228 348 380 500 532 652 772 804 924 996 
840 844 846 77 109 229 349 381 501 533 653 773 805 925 997 
840 844 843 78 110 230 350 382 502 534 654 774 806 926 998 
842 845 846 79 111 231 351 383 503 535 655 775 807 927 999 
841 842 847 72 104 224 344 376 496 528 648 768 800 920 992 
843 846 847 73 105 225 345 377 497 529 649 769 801 921 993 
841 843 845 74 106 226 346 378 498 530 650 770 802 922 994 
840 844 845 75 107 227 347 379 499 531 651 771 803 923 995 
855 849 850 28 156 196 324 364 492 532 660 788 828 956 1044 
848 852 854 29 157 197 325 365 493 533 661 789 829 957 1045 
848 852 851 30 158 198 326 366 494 534 662 790 830 958 1046 
850 853 854 31 159 199 327 367 495 535 663 791 831 959 1047 
849 850 855 24 152 192 320 360 488 528 656 784 824 952 1040 
851 854 855 25 153 193 321 361 489 529 657 785 825 953 1041 
849 851 853 26 154 194 322 362 490 530 658 786 826 954 1042 
848 852 853 27 155 195 323 363 491 531 659 787 827 955 1043 
863 857 858 36 148 260 284 396 508 532 644 756 868 892 1004 
856 860 862 37 149 261 285 397 509 533 645 757 869 893 1005 
856 860 859 38 150 262 286 398 510 534 646 758 870 894 1006 
858 861 862 39 151 263 287 399 511 535 647 759 871 895 1007 
857 858 863 32 144 256 280 392 504 528 640 752 864 888 1000 
859 862 863 33 145 257 281 393 505 529 641 753 865 889 1001 
857 859 861 34 146 258 282 394 506 530 642 754 866 890 1002 
856 860 861 35 147 259 283 395 507 531 643 755 867 891 1003 
871 865 866 52 132 212 292 372 452 532 700 780 860 940 1052 
864 868 870 53 133 213 293 373 453 533 701 781 861 941 1053 
864 868 867 54 134 214 294 374 454 534 702 782 862 942 1054 
866 869 870 55 135 215 295 375 455 535 703 783 863 943 1055 
865 866 871 48 128 208 288 368 448 528 696 776 856 936 1048 
867 870 871 49 129 209 289 369 449 529 697 777 857 937 1049 
865 867 869 50 130 210 290 370 450 530 698 778 858 938 1050 
864 868 869 51 131 211 291 371 451 531 699 779 859 939 1051 
879 873 874 12 172 244 316 388 460 532 692 764 836 908 1012 
872 876 878 13 173 245 317 389 461 533 693 765 837 909 1013 
872 876 875 14 174 246 318 390 462 534 694 766 838 910 1014 
874 877 878 15 175 247 319 391 463 535 695 767 839 911 1015 
873 874 879 8 168 240 312 384 456 528 688 760 832 904 1008 
875 878 879 9 169 241 313 385 457 529 689 761 833 905 1009 
873 875 877 10 170 242 314 386 458 530 690 762 834 906 1010 
872 876 877 11 171 243 315 387 459 531 691 763 835 907 1011 
887 881 882 92 100 108 116 124 132 140 148 156 164 172 972 
880 884 886 93 101 109 117 125 133 141 149 157 165 173 973 
880 884 883 94 102 110 118 126 134 142 150 158 166 174 974 
882 885 886 95 103 111 119 127 135 143 151 159 167 175 975 
881 882 887 88 96 104 112 120 128 136 144 152 160 168 968 
883 886 887 89 97 105 113 121 129 137 145 153 161 169 969 
881 883 885 90 98 106 114 122 130 138 146 154 162 170 970 
880 884 885 91 99 107 115 123 131 139 147 155 163 171 971 
895 889 890 84 92 188 284 380 476 572 668 764 860 956 980 
888 892 894 85 93 189 285 381 477 573 669 765 861 957 981 
888 892 891 86 94 190 286 382 478 574 670 766 862 958 982 
890 893 894 87 95 191 287 383 479 575 671 767 863 959 983 
889 890 895 80 88 184 280 376 472 568 664 760 856 952 976 
891 894 895 81 89 185 281 377 473 569 665 761 857 953 977 
889 891 893 82 90 186 282 378 474 570 666 762 858 954 978 
888 892 893 83 91 187 283 379 475 571 667 763 859 955 979 
903 897 898 44 92 228 276 412 460 596 644 780 828 964 988 
896 900 902 45 93 229 277 413 461 597 645 781 829 965 989 
896 900 899 46 94 230 278 414 462 598 646 782 830 966 990 
898 901 902 47 95 231 279 415 463 599 647 783 831 967 991 
897 898 903 40 88 224 272 408 456 592 640 776 824 960 984 
899 902 903 41 89 225 273 409 457 593 641 777 825 961 985 
897 899 901 42 90 226 274 410 458 594 642 778 826 962 986 
896 900 901 43 91 227 275 411 459 595 643 779 827 963 987 
911 905 906 60 92 212 332 364 484 604 636 756 876 996 908 
904 908 910 61 93 213 333 365 485 605 637 757 877 997 909 
904 908 907 62 94 214 334 366 486 606 638 758 878 998 910 
906 909 910 63 95 215 335 367 487 607 639 759 879 999 911 
905 906 911 56 88 208 328 360 480 600 632 752 872 992 904 
907 910 911 57 89 209 329 361 481 601 633 753 873 993 905 
905 907 909 58 90 210 330 362 482 602 634 754 874 994 906 
904 908 909 59 91 211 331 363 483 603 635 755 875 995 907 
919 913 914 68 92 204 316 428 452 564 676 788 812 924 1004 
912 916 918 69 93 205 317 429 453 565 677 789 813 925 1005 
912 916 915 70 94 206 318 430 454 566 678 790 814 926 1006 
914 917 918 71 95 207 319 431 455 567 679 791 815 927 1007 
913 914 919 64 88 200 312 424 448 560 672 784 808 920 1000 
915 918 919 65 89 201 313 425 449 561 673 785 809 921 1001 
913 915 917 66 90 202 314 426 450 562 674 786 810 922 1002 
912 916 917 67 91 203 315 427 451 563 675 787 811 923 1003 
927 921 922 20 92 252 324 396 468 540 700 772 844 916 1012 
920 924 926 21 93 253 325 397 469 541 701 773 845 917 1013 
920 924 923 22 94 254 326 398 470 542 702 774 846 918 1014 
922 925 926 23 95 255 327 399 471 543 703 775 847 919 1015 
921 922 927 16 88 248 320 392 464 536 696 768 840 912 1008 
923 926 927 17 89 249 321 393 465 537 697 769 841 913 1009 
921 923 925 18 90 250 322 394 466 538 698 770 842 914 1010 
920 924 925 19 91 251 323 395 467 539 699 771 843 915 1011 
935 929 930 76 92 196 300 404 508 612 628 732 836 940 1020 
928 932 934 77 93 197 301 405 509 613 629 733 837 941 1021 
928 932 931 78 94 198 302 406 510 614 630 734 838 942 1022 
930 933 934 79 95 199 303 407 511 615 631 735 839 943 1023 
929 930 935 72 88 192 296 400 504 608 624 728 832 936 1016 
931 934 935 73 89 193 297 401 505 609 625 729 833 937 1017 
929 931 933 74 90 194 298 402 506 610 626 730 834 938 1018 
928 932 933 75 91 195 299 403 507 611 627 731 835 939 1019 
943 937 938 28 92 244 308 372 524 588 652 716 868 932 1028 
936 940 942 29 93 245 309 373 525 589 653 717 869 933 1029 
936 940 939 30 94 246 310 374 526 590 654 718 870 934 1030 
938 941 942 31 95 247 311 375 527 591 655 719 871 935 1031 
937 938 943 24 88 240 304 368 520 584 648 712 864 928 1024 
939 942 943 25 89 241 305 369 521 585 649 713 865 929 1025 
937 939 941 26 90 242 306 370 522 586 650 714 866 930 1026 
936 940 941 27 91 243 307 371 523 587 651 715 867 931 1027 
951 945 946 36 92 236 292 436 492 548 692 748 804 1036 948 
944 948 950 37 93 237 293 437 493 549 693 749 805 1037 949 
944 948 947 38 94 238 294 438 494 550 694 750 806 1038 950 
946 949 950 39 95 239 295 439 495 551 695 751 807 1039 951 
945 946 951 32 88 232 288 432 488 544 688 744 800 1032 944 
947 950 951 33 89 233 289 433 489 545 689 745 801 1033 945 
945 947 949 34 90 234 290 434 490 546 690 746 802 1034 946 
944 948 949 35 91 235 291 435 491 547 691 747 803 1035 947 
959 953 954 52 92 220 348 388 516 556 684 724 852 892 1044 
952 956 958 53 93 221 349 389 517 557 685 725 853 893 1045 
952 956 955 54 94 222 350 390 518 558 686 726 854 894 1046 
954 957 958 55 95 223 351 391 519 559 687 727 855 895 1047 
953 954 959 48 88 216 344 384 512 552 680 720 848 888 1040 
955 958 959 49 89 217 345 385 513 553 681 721 849 889 1041 
953 955 957 50 90 218 346 386 514 554 682 722 850 890 1042 
952 956 957 51 91 219 347 387 515 555 683 723 851 891 1043 
967 961 962 12 92 260 340 420 500 580 660 740 820 900 1052 
960 964 966 13 93 261 341 421 501 581 661 741 821 901 1053 
960 964 963 14 94 262 342 422 502 582 662 742 822 902 1054 
962 965 966 15 95 263 343 423 503 583 663 743 823 903 1055 
961 962 967 8 88 256 336 416 496 576 656 736 816 896 1048 
963 966 967 9 89 257 337 417 497 577 657 737 817 897 1049 
961 963 965 10 90 258 338 418 498 578 658 738 818 898 1050 
960 964 965 11 91 259 339 419 499 579 659 739 819 899 1051 
975 969 970 4 92 180 268 356 444 532 620 708 796 884 1060 
968 972 974 5 93 181 269 357 445 533 621 709 797 885 1061 
968 972 971 6 94 182 270 358 446 534 622 710 798 886 1062 
970 973 974 7 95 183 271 359 447 535 623 711 799 887 1063 
969 970 975 0 88 176 264 352 440 528 616 704 792 880 1056 
971 974 975 1 89 177 265 353 441 529 617 705 793 881 1057 
969 971 973 2 90 178 266 354 442 530 618 706 794 882 1058 
968 972 973 3 91 179 267 355 443 531 619 707 795 883 1059 
983 977 978 4 172 252 332 412 492 572 652 732 812 892 1052 
976 980 982 5 173 253 333 413 493 573 653 733 813 893 1053 
976 980 979 6 174 254 334 414 494 574 654 734 814 894 1054 
978 981 982 7 175 255 335 415 495 575 655 735 815 895 1055 
977 978 983 0 168 248 328 408 488 568 648 728 808 888 1048 
979 982 983 1 169 249 329 409 489 569 649 729 809 889 1049 
977 979 981 2 170 250 330 410 490 570 650 730 810 890 1050 
976 980 981 3 171 251 331 411 491 571 651 731 811 891 1051 
991 985 986 4 164 236 308 380 452 612 684 756 828 900 1012 
984 988 990 5 165 237 309 381 453 613 685 757 829 901 1013 
984 988 987 6 166 238 310 382 454 614 686 758 830 902 1014 
986 989 990 7 167 239 311 383 455 615 687 759 831 903 1015 
985 986 991 0 160 232 304 376 448 608 680 752 824 896 1008 
987 990 991 1 161 233 305 377 449 609 681 753 825 897 1009 
985 987 989 2 162 234 306 378 450 610 682 754 826 898 1010 
984 988 989 3 163 235 307 379 451 611 683 755 827 899 1011 
999 993 994 4 156 220 284 436 500 564 628 780 844 908 1028 
992 996 998 5 157 221 285 437 501 565 629 781 845 909 1029 
992 996 995 6 158 222 286 438 502 566 630 782 846 910 1030 
994 997 998 7 159 223 287 439 503 567 631 783 847 911 1031 
993 994 999 0 152 216 280 432 496 560 624 776 840 904 1024 
995 998 999 1 153 217 281 433 497 561 625 777 841 905 1025 
993 995 997 2 154 218 282 434 498 562 626 778 842 906 1026 
992 996 997 3 155 219 283 435 499 563 627 779 843 907 1027 
1007 1001 1002 4 148 204 348 404 460 604 660 716 860 916 1036 
1000 1004 1006 5 149 205 349 405 461 605 661 717 861 917 1037 
1000 1004 1003 6 150 206 350 406 462 606 662 718 862 918 1038 
1002 1005 1006 7 151 207 351 407 463 607 663 719 863 919 1039 
1001 1002 1007 0 144 200 344 400 456 600 656 712 856 912 1032 
1003 1006 1007 1 145 201 345 401 457 601 657 713 857 913 1033 
1001 1003 1005 2 146 202 346 402 458 602 658 714 858 914 1034 
1000 1004 1005 3 147 203 347 403 459 603 659 715 859 915 1035 
1015 1009 1010 4 140 188 324 372 508 556 692 740 876 924 988 
1008 1012 1014 5 141 189 325 373 509 557 693 741 877 925 989 
1008 1012 1011 6 142 190 326 374 510 558 694 742 878 926 990 
1010 1013 1014 7 143 191 327 375 511 559 695 743 879 927 991 
1009 1010 1015 0 136 184 320 368 504 552 688 736 872 920 984 
1011 1014 1015 1 137 185 321 369 505 553 689 737 873 921 985 
1009 1011 1013 2 138 186 322 370 506 554 690 738 874 922 986 
1008 1012 1013 3 139 187 323 371 507 555 691 739 875 923 987 
1023 1017 1018 4 132 260 300 428 468 596 636 764 804 932 1044 
1016 1020 1022 5 133 261 301 429 469 597 637 765 805 933 1045 
1016 1020 1019 6 134 262 302 430 470 598 638 766 806 934 1046 
1018 1021 1022 7 135 263 303 431 471 599 639 767 807 935 1047 
1017 1018 1023 0 128 256 296 424 464 592 632 760 800 928 1040 
1019 1022 1023 1 129 257 297 425 465 593 633 761 801 929 1041 
1017 1019 1021 2 130 258 298 426 466 594 634 762 802 930 1042 
1016 1020 1021 3 131 259 299 427 467 595 635 763 803 931 1043 
1031 1025 1026 4 124 244 276 396 516 548 668 788 820 940 996 
1024 1028 1030 5 125 245 277 397 517 549 669 789 821 941 997 
1024 1028 1027 6 126 246 278 398 518 550 670 790 822 942 998 
1026 1029 1030 7 127 247 279 399 519 551 671 791 823 943 999 
1025 1026 1031 0 120 240 272 392 512 544 664 784 816 936 992 
1027 1030 1031 1 121 241 273 393 513 545 665 785 817 937 993 
1025 1027 1029 2 122 242 274 394 514 546 666 786 818 938 994 
1024 1028 1029 3 123 243 275 395 515 547 667 787 819 939 995 
1039 1033 1034 4 116 228 340 364 476 588 700 724 836 948 1004 
1032 1036 1038 5 117 229 341 365 477 589 701 725 837 949 1005 
1032 1036 1035 6 118 230 342 366 478 590 702 726 838 950 1006 
1034 1037 1038 7 119 231 343 367 479 591 703 727 839 951 1007 
1033 1034 1039 0 112 224 336 360 472 584 696 720 832 944 1000 
1035 1038 1039 1 113 225 337 361 473 585 697 721 833 945 1001 
1033 1035 1037 2 114 226 338 362 474 586 698 722 834 946 1002 
1032 1036 1037 3 115 227 339 363 475 587 699 723 835 947 1003 
1047 1041 1042 4 108 212 316 420 524 540 644 748 852 956 1020 
1040 1044 1046 5 109 213 317 421 525 541 645 749 853 957 1021 
1040 1044 1043 6 110 214 318 422 526 542 646 750 854 958 1022 
1042 1045 1046 7 111 215 319 423 527 543 647 751 855 959 1023 
1041 1042 1047 0 104 208 312 416 520 536 640 744 848 952 1016 
1043 1046 1047 1 105 209 313 417 521 537 641 745 849 953 1017 
1041 1043 1045 2 106 210 314 418 522 538 642 746 850 954 1018 
1040 1044 1045 3 107 211 315 419 523 539 643 747 851 955 1019 
1055 1049 1050 4 100 196 292 388 484 580 676 772 868 964 980 
1048 1052 1054 5 101 197 293 389 485 581 677 773 869 965 981 
1048 1052 1051 6 102 198 294 390 486 582 678 774 870 966 982 
1050 1053 1054 7 103 199 295 391 487 583 679 775 871 967 983 
1049 1050 1055 0 96 192 288 384 480 576 672 768 864 960 976 
1051 1054 1055 1 97 193 289 385 481 577 673 769 865 961 977 
1049 1051 1053 2 98 194 290 386 482 578 674 770 866 962 978 
1048 1052 1053 3 99 195 291 387 483 579 675 771 867 963 979 
1063 1057 1058 4 12 20 28 36 44 52 60 68 76 84 972 
1056 1060 1062 5 13 21 29 37 45 53 61 69 77 85 973 
1056 1060 1059 6 14 22 30 38 46 54 62 70 78 86 974 
1058 1061 1062 7 15 23 31 39 47 55 63 71 79 87 975 
1057 1058 1063 0 8 16 24 32 40 48 56 64 72 80 968 
1059 1062 1063 1 9 17 25 33 41 49 57 65 73 81 969 
1057 1059 1061 2 10 18 26 34 42 50 58 66 74 82 970 
1056 1060 1061 3 11 19 27 35 43 51 59 67 75 83 971 
