1197 9522
1 2 3 4 1089 1098 1107 1116 1125 1134 1143 1152 1161 1170 1179 1188 
0 2 5 6 1094 1103 1112 1121 1130 1139 1148 1157 1166 1175 1184 1193 
0 1 7 8 1097 1106 1115 1124 1133 1142 1151 1160 1169 1178 1187 1196 
0 4 5 7 1096 1105 1114 1123 1132 1141 1150 1159 1168 1177 1186 1195 
0 3 6 8 1095 1104 1113 1122 1131 1140 1149 1158 1167 1176 1185 1194 
1 3 6 7 1093 1102 1111 1120 1129 1138 1147 1156 1165 1174 1183 1192 
1 4 5 8 1091 1100 1109 1118 1127 1136 1145 1154 1163 1172 1181 1190 
2 3 5 8 1090 1099 1108 1117 1126 1135 1144 1153 1162 1171 1180 1189 
2 4 6 7 1092 1101 1110 1119 1128 1137 1146 1155 1164 1173 1182 1191 
10 11 12 13 90 189 288 387 486 585 684 783 882 981 1080 1188 
9 11 14 15 95 194 293 392 491 590 689 788 887 986 1085 1193 
9 10 16 17 98 197 296 395 494 593 692 791 890 989 1088 1196 
9 13 14 16 97 196 295 394 493 592 691 790 889 988 1087 1195 
9 12 15 17 96 195 294 393 492 591 690 789 888 987 1086 1194 
10 12 15 16 94 193 292 391 490 589 688 787 886 985 1084 1192 
10 13 14 17 92 191 290 389 488 587 686 785 884 983 1082 1190 
11 12 14 17 91 190 289 388 487 586 685 784 883 982 1081 1189 
11 13 15 16 93 192 291 390 489 588 687 786 885 984 1083 1191 
19 20 21 22 45 144 243 342 441 540 639 738 837 936 1035 1188 
18 20 23 24 50 149 248 347 446 545 644 743 842 941 1040 1193 
18 19 25 26 53 152 251 350 449 548 647 746 845 944 1043 1196 
18 22 23 25 52 151 250 349 448 547 646 745 844 943 1042 1195 
18 21 24 26 51 150 249 348 447 546 645 744 843 942 1041 1194 
19 21 24 25 49 148 247 346 445 544 643 742 841 940 1039 1192 
19 22 23 26 47 146 245 344 443 542 641 740 839 938 1037 1190 
20 21 23 26 46 145 244 343 442 541 640 739 838 937 1036 1189 
20 22 24 25 48 147 246 345 444 543 642 741 840 939 1038 1191 
28 29 30 31 63 162 261 360 459 558 657 756 855 954 1053 1188 
27 29 32 33 68 167 266 365 464 563 662 761 860 959 1058 1193 
27 28 34 35 71 170 269 368 467 566 665 764 863 962 1061 1196 
27 31 32 34 70 169 268 367 466 565 664 763 862 961 1060 1195 
27 30 33 35 69 168 267 366 465 564 663 762 861 960 1059 1194 
28 30 33 34 67 166 265 364 463 562 661 760 859 958 1057 1192 
28 31 32 35 65 164 263 362 461 560 659 758 857 956 1055 1190 
29 30 32 35 64 163 262 361 460 559 658 757 856 955 1054 1189 
29 31 33 34 66 165 264 363 462 561 660 759 858 957 1056 1191 
37 38 39 40 72 171 270 369 468 567 666 765 864 963 1062 1188 
36 38 41 42 77 176 275 374 473 572 671 770 869 968 1067 1193 
36 37 43 44 80 179 278 377 476 575 674 773 872 971 1070 1196 
36 40 41 43 79 178 277 376 475 574 673 772 871 970 1069 1195 
36 39 42 44 78 177 276 375 474 573 672 771 870 969 1068 1194 
37 39 42 43 76 175 274 373 472 571 670 769 868 967 1066 1192 
37 40 41 44 74 173 272 371 470 569 668 767 866 965 1064 1190 
38 39 41 44 73 172 271 370 469 568 667 766 865 964 1063 1189 
38 40 42 43 75 174 273 372 471 570 669 768 867 966 1065 1191 
46 47 48 49 18 117 216 315 414 513 612 711 810 909 1008 1188 
45 47 50 51 25 122 221 320 419 518 617 716 815 914 1013 1193 
45 46 52 53 24 125 224 323 422 521 620 719 818 917 1016 1196 
45 49 50 52 26 124 223 322 421 520 619 718 817 916 1015 1195 
45 48 51 53 23 123 222 321 420 519 618 717 816 915 1014 1194 
46 48 51 52 19 121 220 319 418 517 616 715 814 913 1012 1192 
46 49 50 53 22 119 218 317 416 515 614 713 812 911 1010 1190 
47 48 50 53 21 118 217 316 415 514 613 712 811 910 1009 1189 
47 49 51 52 20 120 219 318 417 516 615 714 813 912 1011 1191 
55 56 57 58 81 180 279 378 477 576 675 774 873 972 1071 1188 
54 56 59 60 86 185 284 383 482 581 680 779 878 977 1076 1193 
54 55 61 62 89 188 287 386 485 584 683 782 881 980 1079 1196 
54 58 59 61 88 187 286 385 484 583 682 781 880 979 1078 1195 
54 57 60 62 87 186 285 384 483 582 681 780 879 978 1077 1194 
55 57 60 61 85 184 283 382 481 580 679 778 877 976 1075 1192 
55 58 59 62 83 182 281 380 479 578 677 776 875 974 1073 1190 
56 57 59 62 82 181 280 379 478 577 676 775 874 973 1072 1189 
56 58 60 61 84 183 282 381 480 579 678 777 876 975 1074 1191 
64 65 66 67 27 126 225 324 423 522 621 720 819 918 1017 1188 
63 65 68 69 34 131 230 329 428 527 626 725 824 923 1022 1193 
63 64 70 71 33 134 233 332 431 530 629 728 827 926 1025 1196 
63 67 68 70 35 133 232 331 430 529 628 727 826 925 1024 1195 
63 66 69 71 32 132 231 330 429 528 627 726 825 924 1023 1194 
64 66 69 70 28 130 229 328 427 526 625 724 823 922 1021 1192 
64 67 68 71 31 128 227 326 425 524 623 722 821 920 1019 1190 
65 66 68 71 30 127 226 325 424 523 622 721 820 919 1018 1189 
65 67 69 70 29 129 228 327 426 525 624 723 822 921 1020 1191 
73 74 75 76 36 135 234 333 432 531 630 729 828 927 1026 1188 
72 74 77 78 43 140 239 338 437 536 635 734 833 932 1031 1193 
72 73 79 80 42 143 242 341 440 539 638 737 836 935 1034 1196 
72 76 77 79 44 142 241 340 439 538 637 736 835 934 1033 1195 
72 75 78 80 41 141 240 339 438 537 636 735 834 933 1032 1194 
73 75 78 79 37 139 238 337 436 535 634 733 832 931 1030 1192 
73 76 77 80 40 137 236 335 434 533 632 731 830 929 1028 1190 
74 75 77 80 39 136 235 334 433 532 631 730 829 928 1027 1189 
74 76 78 79 38 138 237 336 435 534 633 732 831 930 1029 1191 
82 83 84 85 54 153 252 351 450 549 648 747 846 945 1044 1188 
81 83 86 87 61 158 257 356 455 554 653 752 851 950 1049 1193 
81 82 88 89 60 161 260 359 458 557 656 755 854 953 1052 1196 
81 85 86 88 62 160 259 358 457 556 655 754 853 952 1051 1195 
81 84 87 89 59 159 258 357 456 555 654 753 852 951 1050 1194 
82 84 87 88 55 157 256 355 454 553 652 751 850 949 1048 1192 
82 85 86 89 58 155 254 353 452 551 650 749 848 947 1046 1190 
83 84 86 89 57 154 253 352 451 550 649 748 847 946 1045 1189 
83 85 87 88 56 156 255 354 453 552 651 750 849 948 1047 1191 
91 92 93 94 9 108 207 306 405 504 603 702 801 900 999 1188 
90 92 95 96 16 113 212 311 410 509 608 707 806 905 1004 1193 
90 91 97 98 15 116 215 314 413 512 611 710 809 908 1007 1196 
90 94 95 97 17 115 214 313 412 511 610 709 808 907 1006 1195 
90 93 96 98 14 114 213 312 411 510 609 708 807 906 1005 1194 
91 93 96 97 10 112 211 310 409 508 607 706 805 904 1003 1192 
91 94 95 98 13 110 209 308 407 506 605 704 803 902 1001 1190 
92 93 95 98 12 109 208 307 406 505 604 703 802 901 1000 1189 
92 94 96 97 11 111 210 309 408 507 606 705 804 903 1002 1191 
100 101 102 103 990 999 1008 1017 1026 1035 1044 1053 1062 1071 1080 1089 
99 101 104 105 995 1004 1013 1022 1031 1040 1049 1058 1067 1076 1085 1094 
99 100 106 107 998 1007 1016 1025 1034 1043 1052 1061 1070 1079 1088 1097 
99 103 104 106 997 1006 1015 1024 1033 1042 1051 1060 1069 1078 1087 1096 
99 102 105 107 996 1005 1014 1023 1032 1041 1050 1059 1068 1077 1086 1095 
100 102 105 106 994 1003 1012 1021 1030 1039 1048 1057 1066 1075 1084 1093 
100 103 104 107 992 1001 1010 1019 1028 1037 1046 1055 1064 1073 1082 1091 
101 102 104 107 991 1000 1009 1018 1027 1036 1045 1054 1063 1072 1081 1090 
101 103 105 106 993 1002 1011 1020 1029 1038 1047 1056 1065 1074 1083 1092 
109 110 111 112 90 180 270 360 450 540 630 720 810 900 990 1179 
108 110 113 114 97 185 275 365 455 545 635 725 815 905 995 1184 
108 109 115 116 96 188 278 368 458 548 638 728 818 908 998 1187 
108 112 113 115 98 187 277 367 457 547 637 727 817 907 997 1186 
108 111 114 116 95 186 276 366 456 546 636 726 816 906 996 1185 
109 111 114 115 91 184 274 364 454 544 634 724 814 904 994 1183 
109 112 113 116 94 182 272 362 452 542 632 722 812 902 992 1181 
110 111 113 116 93 181 271 361 451 541 631 721 811 901 991 1180 
110 112 114 115 92 183 273 363 453 543 633 723 813 903 993 1182 
118 119 120 121 45 189 234 378 423 567 612 756 801 945 990 1170 
117 119 122 123 52 194 239 383 428 572 617 761 806 950 995 1175 
117 118 124 125 51 197 242 386 431 575 620 764 809 953 998 1178 
117 121 122 124 53 196 241 385 430 574 619 763 808 952 997 1177 
117 120 123 125 50 195 240 384 429 573 618 762 807 951 996 1176 
118 120 123 124 46 193 238 382 427 571 616 760 805 949 994 1174 
118 121 122 125 49 191 236 380 425 569 614 758 803 947 992 1172 
119 120 122 125 48 190 235 379 424 568 613 757 802 946 991 1171 
119 121 123 124 47 192 237 381 426 570 615 759 804 948 993 1173 
127 128 129 130 63 288 351 414 576 639 702 864 927 990 1161 
126 128 131 132 70 293 356 419 581 644 707 869 932 995 1166 
126 127 133 134 69 296 359 422 584 647 710 872 935 998 1169 
126 130 131 133 71 295 358 421 583 646 709 871 934 997 1168 
126 129 132 134 68 294 357 420 582 645 708 870 933 996 1167 
127 129 132 133 64 292 355 418 580 643 706 868 931 994 1165 
127 130 131 134 67 290 353 416 578 641 704 866 929 992 1163 
128 129 131 134 66 289 352 415 577 640 703 865 928 991 1162 
128 130 132 133 65 291 354 417 579 642 705 867 930 993 1164 
136 137 138 139 72 144 216 387 459 531 603 774 846 918 990 1152 
135 137 140 141 79 149 221 392 464 536 608 779 851 923 995 1157 
135 136 142 143 78 152 224 395 467 539 611 782 854 926 998 1160 
135 139 140 142 80 151 223 394 466 538 610 781 853 925 997 1159 
135 138 141 143 77 150 222 393 465 537 609 780 852 924 996 1158 
136 138 141 142 73 148 220 391 463 535 607 778 850 922 994 1156 
136 139 140 143 76 146 218 389 461 533 605 776 848 920 992 1154 
137 138 140 143 75 145 217 388 460 532 604 775 847 919 991 1153 
137 139 141 142 74 147 219 390 462 534 606 777 849 921 993 1155 
145 146 147 148 18 135 252 369 486 504 621 738 855 972 990 1143 
144 146 149 150 25 142 257 374 491 509 626 743 860 977 995 1148 
144 145 151 152 24 141 260 377 494 512 629 746 863 980 998 1151 
144 148 149 151 26 143 259 376 493 511 628 745 862 979 997 1150 
144 147 150 152 23 140 258 375 492 510 627 744 861 978 996 1149 
145 147 150 151 19 136 256 373 490 508 625 742 859 976 994 1147 
145 148 149 152 22 139 254 371 488 506 623 740 857 974 992 1145 
146 147 149 152 21 138 253 370 487 505 622 739 856 973 991 1144 
146 148 150 151 20 137 255 372 489 507 624 741 858 975 993 1146 
154 155 156 157 81 162 243 324 405 585 666 747 828 909 990 1134 
153 155 158 159 88 167 248 329 410 590 671 752 833 914 995 1139 
153 154 160 161 87 170 251 332 413 593 674 755 836 917 998 1142 
153 157 158 160 89 169 250 331 412 592 673 754 835 916 997 1141 
153 156 159 161 86 168 249 330 411 591 672 753 834 915 996 1140 
154 156 159 160 82 166 247 328 409 589 670 751 832 913 994 1138 
154 157 158 161 85 164 245 326 407 587 668 749 830 911 992 1136 
155 156 158 161 84 163 244 325 406 586 667 748 829 910 991 1135 
155 157 159 160 83 165 246 327 408 588 669 750 831 912 993 1137 
163 164 165 166 27 153 279 306 432 558 684 711 837 963 990 1125 
162 164 167 168 34 160 284 311 437 563 689 716 842 968 995 1130 
162 163 169 170 33 159 287 314 440 566 692 719 845 971 998 1133 
162 166 167 169 35 161 286 313 439 565 691 718 844 970 997 1132 
162 165 168 170 32 158 285 312 438 564 690 717 843 969 996 1131 
163 165 168 169 28 154 283 310 436 562 688 715 841 967 994 1129 
163 166 167 170 31 157 281 308 434 560 686 713 839 965 992 1127 
164 165 167 170 30 156 280 307 433 559 685 712 838 964 991 1126 
164 166 168 169 29 155 282 309 435 561 687 714 840 966 993 1128 
172 173 174 175 36 207 342 477 513 648 783 819 954 990 1116 
171 173 176 177 43 212 347 482 518 653 788 824 959 995 1121 
171 172 178 179 42 215 350 485 521 656 791 827 962 998 1124 
171 175 176 178 44 214 349 484 520 655 790 826 961 997 1123 
171 174 177 179 41 213 348 483 519 654 789 825 960 996 1122 
172 174 177 178 37 211 346 481 517 652 787 823 958 994 1120 
172 175 176 179 40 209 344 479 515 650 785 821 956 992 1118 
173 174 176 179 39 208 343 478 514 649 784 820 955 991 1117 
173 175 177 178 38 210 345 480 516 651 786 822 957 993 1119 
181 182 183 184 54 108 261 315 468 522 675 729 882 936 990 1107 
180 182 185 186 61 115 266 320 473 527 680 734 887 941 995 1112 
180 181 187 188 60 114 269 323 476 530 683 737 890 944 998 1115 
180 184 185 187 62 116 268 322 475 529 682 736 889 943 997 1114 
180 183 186 188 59 113 267 321 474 528 681 735 888 942 996 1113 
181 183 186 187 55 109 265 319 472 526 679 733 886 940 994 1111 
181 184 185 188 58 112 263 317 470 524 677 731 884 938 992 1109 
182 183 185 188 57 111 262 316 469 523 676 730 883 937 991 1108 
182 184 186 187 56 110 264 318 471 525 678 732 885 939 993 1110 
190 191 192 193 9 117 225 333 441 549 657 765 873 981 990 1098 
189 191 194 195 16 124 230 338 446 554 662 770 878 986 995 1103 
189 190 196 197 15 123 233 341 449 557 665 773 881 989 998 1106 
189 193 194 196 17 125 232 340 448 556 664 772 880 988 997 1105 
189 192 195 197 14 122 231 339 447 555 663 771 879 987 996 1104 
190 192 195 196 10 118 229 337 445 553 661 769 877 985 994 1102 
190 193 194 197 13 121 227 335 443 551 659 767 875 983 992 1100 
191 192 194 197 12 120 226 334 442 550 658 766 874 982 991 1099 
191 193 195 196 11 119 228 336 444 552 660 768 876 984 993 1101 
199 200 201 202 495 504 513 522 531 540 549 558 567 576 585 1089 
198 200 203 204 500 509 518 527 536 545 554 563 572 581 590 1094 
198 199 205 206 503 512 521 530 539 548 557 566 575 584 593 1097 
198 202 203 205 502 511 520 529 538 547 556 565 574 583 592 1096 
198 201 204 206 501 510 519 528 537 546 555 564 573 582 591 1095 
199 201 204 205 499 508 517 526 535 544 553 562 571 580 589 1093 
199 202 203 206 497 506 515 524 533 542 551 560 569 578 587 1091 
200 201 203 206 496 505 514 523 532 541 550 559 568 577 586 1090 
200 202 204 205 498 507 516 525 534 543 552 561 570 579 588 1092 
208 209 210 211 90 171 252 333 414 495 675 756 837 918 999 1134 
207 209 212 213 97 178 257 338 419 500 680 761 842 923 1004 1139 
207 208 214 215 96 177 260 341 422 503 683 764 845 926 1007 1142 
207 211 212 214 98 179 259 340 421 502 682 763 844 925 1006 1141 
207 210 213 215 95 176 258 339 420 501 681 762 843 924 1005 1140 
208 210 213 214 91 172 256 337 418 499 679 760 841 922 1003 1138 
208 211 212 215 94 175 254 335 416 497 677 758 839 920 1001 1136 
209 210 212 215 93 174 253 334 415 496 676 757 838 919 1000 1135 
209 211 213 214 92 173 255 336 417 498 678 759 840 921 1002 1137 
217 218 219 220 45 135 225 315 405 495 684 774 864 954 1044 1179 
216 218 221 222 52 142 230 320 410 500 689 779 869 959 1049 1184 
216 217 223 224 51 141 233 323 413 503 692 782 872 962 1052 1187 
216 220 221 223 53 143 232 322 412 502 691 781 871 961 1051 1186 
216 219 222 224 50 140 231 321 411 501 690 780 870 960 1050 1185 
217 219 222 223 46 136 229 319 409 499 688 778 868 958 1048 1183 
217 220 221 224 49 139 227 317 407 497 686 776 866 956 1046 1181 
218 219 221 224 48 138 226 316 406 496 685 775 865 955 1045 1180 
218 220 222 223 47 137 228 318 408 498 687 777 867 957 1047 1182 
226 227 228 229 63 189 216 342 468 495 621 747 873 900 1026 1125 
225 227 230 231 70 196 223 347 473 500 626 752 878 905 1031 1130 
225 226 232 233 69 195 222 350 476 503 629 755 881 908 1034 1133 
225 229 230 232 71 197 224 349 475 502 628 754 880 907 1033 1132 
225 228 231 233 68 194 221 348 474 501 627 753 879 906 1032 1131 
226 228 231 232 64 190 217 346 472 499 625 751 877 904 1030 1129 
226 229 230 233 67 193 220 344 470 497 623 749 875 902 1028 1127 
227 228 230 233 66 192 219 343 469 496 622 748 874 901 1027 1126 
227 229 231 232 65 191 218 345 471 498 624 750 876 903 1029 1128 
235 236 237 238 72 117 261 306 450 495 639 783 828 972 1017 1170 
234 236 239 240 79 124 266 311 455 500 644 788 833 977 1022 1175 
234 235 241 242 78 123 269 314 458 503 647 791 836 980 1025 1178 
234 238 239 241 80 125 268 313 457 502 646 790 835 979 1024 1177 
234 237 240 242 77 122 267 312 456 501 645 789 834 978 1023 1176 
235 237 240 241 73 118 265 310 454 499 643 787 832 976 1021 1174 
235 238 239 242 76 121 263 308 452 497 641 785 830 974 1019 1172 
236 237 239 242 75 120 262 307 451 496 640 784 829 973 1018 1171 
236 238 240 241 74 119 264 309 453 498 642 786 831 975 1020 1173 
244 245 246 247 18 153 288 324 459 495 630 765 801 936 1071 1116 
243 245 248 249 25 160 293 329 464 500 635 770 806 941 1076 1121 
243 244 250 251 24 159 296 332 467 503 638 773 809 944 1079 1124 
243 247 248 250 26 161 295 331 466 502 637 772 808 943 1078 1123 
243 246 249 251 23 158 294 330 465 501 636 771 807 942 1077 1122 
244 246 249 250 19 154 292 328 463 499 634 769 805 940 1075 1120 
244 247 248 251 22 157 290 326 461 497 632 767 803 938 1073 1118 
245 246 248 251 21 156 289 325 460 496 631 766 802 937 1072 1117 
245 247 249 250 20 155 291 327 462 498 633 768 804 939 1074 1119 
253 254 255 256 81 144 207 369 432 495 657 720 882 945 1008 1161 
252 254 257 258 88 151 214 374 437 500 662 725 887 950 1013 1166 
252 253 259 260 87 150 213 377 440 503 665 728 890 953 1016 1169 
252 256 257 259 89 152 215 376 439 502 664 727 889 952 1015 1168 
252 255 258 260 86 149 212 375 438 501 663 726 888 951 1014 1167 
253 255 258 259 82 145 208 373 436 499 661 724 886 949 1012 1165 
253 256 257 260 85 148 211 371 434 497 659 722 884 947 1010 1163 
254 255 257 260 84 147 210 370 433 496 658 721 883 946 1009 1162 
254 256 258 259 83 146 209 372 435 498 660 723 885 948 1011 1164 
262 263 264 265 27 180 234 387 441 495 648 702 855 909 1062 1107 
261 263 266 267 34 187 241 392 446 500 653 707 860 914 1067 1112 
261 262 268 269 33 186 240 395 449 503 656 710 863 917 1070 1115 
261 265 266 268 35 188 242 394 448 502 655 709 862 916 1069 1114 
261 264 267 269 32 185 239 393 447 501 654 708 861 915 1068 1113 
262 264 267 268 28 181 235 391 445 499 652 706 859 913 1066 1111 
262 265 266 269 31 184 238 389 443 497 650 704 857 911 1064 1109 
263 264 266 269 30 183 237 388 442 496 649 703 856 910 1063 1108 
263 265 267 268 29 182 236 390 444 498 651 705 858 912 1065 1110 
271 272 273 274 36 108 279 351 423 495 666 738 810 981 1053 1152 
270 272 275 276 43 115 284 356 428 500 671 743 815 986 1058 1157 
270 271 277 278 42 114 287 359 431 503 674 746 818 989 1061 1160 
270 274 275 277 44 116 286 358 430 502 673 745 817 988 1060 1159 
270 273 276 278 41 113 285 357 429 501 672 744 816 987 1059 1158 
271 273 276 277 37 109 283 355 427 499 670 742 814 985 1057 1156 
271 274 275 278 40 112 281 353 425 497 668 740 812 983 1055 1154 
272 273 275 278 39 111 280 352 424 496 667 739 811 982 1054 1153 
272 274 276 277 38 110 282 354 426 498 669 741 813 984 1056 1155 
280 281 282 283 54 162 270 378 486 495 603 711 819 927 1035 1098 
279 281 284 285 61 169 277 383 491 500 608 716 824 932 1040 1103 
279 280 286 287 60 168 276 386 494 503 611 719 827 935 1043 1106 
279 283 284 286 62 170 278 385 493 502 610 718 826 934 1042 1105 
279 282 285 287 59 167 275 384 492 501 609 717 825 933 1041 1104 
280 282 285 286 55 163 271 382 490 499 607 715 823 931 1039 1102 
280 283 284 287 58 166 274 380 488 497 605 713 821 929 1037 1100 
281 282 284 287 57 165 273 379 487 496 604 712 820 928 1036 1099 
281 283 285 286 56 164 272 381 489 498 606 714 822 930 1038 1101 
289 290 291 292 9 126 243 360 477 495 612 729 846 963 1080 1143 
288 290 293 294 16 133 250 365 482 500 617 734 851 968 1085 1148 
288 289 295 296 15 132 249 368 485 503 620 737 854 971 1088 1151 
288 292 293 295 17 134 251 367 484 502 619 736 853 970 1087 1150 
288 291 294 296 14 131 248 366 483 501 618 735 852 969 1086 1149 
289 291 294 295 10 127 244 364 481 499 616 733 850 967 1084 1147 
289 292 293 296 13 130 247 362 479 497 614 731 848 965 1082 1145 
290 291 293 296 12 129 246 361 478 496 613 730 847 964 1081 1144 
290 292 294 295 11 128 245 363 480 498 615 732 849 966 1083 1146 
298 299 300 301 693 702 711 720 729 738 747 756 765 774 783 1089 
297 299 302 303 698 707 716 725 734 743 752 761 770 779 788 1094 
297 298 304 305 701 710 719 728 737 746 755 764 773 782 791 1097 
297 301 302 304 700 709 718 727 736 745 754 763 772 781 790 1096 
297 300 303 305 699 708 717 726 735 744 753 762 771 780 789 1095 
298 300 303 304 697 706 715 724 733 742 751 760 769 778 787 1093 
298 301 302 305 695 704 713 722 731 740 749 758 767 776 785 1091 
299 300 302 305 694 703 712 721 730 739 748 757 766 775 784 1090 
299 301 303 304 696 705 714 723 732 741 750 759 768 777 786 1092 
307 308 309 310 90 162 234 477 549 621 693 864 936 1008 1152 
306 308 311 312 97 169 241 482 554 626 698 869 941 1013 1157 
306 307 313 314 96 168 240 485 557 629 701 872 944 1016 1160 
306 310 311 313 98 170 242 484 556 628 700 871 943 1015 1159 
306 309 312 314 95 167 239 483 555 627 699 870 942 1014 1158 
307 309 312 313 91 163 235 481 553 625 697 868 940 1012 1156 
307 310 311 314 94 166 238 479 551 623 695 866 938 1010 1154 
308 309 311 314 93 165 237 478 550 622 694 865 937 1009 1153 
308 310 312 313 92 164 236 480 552 624 696 867 939 1011 1155 
316 317 318 319 45 180 216 351 486 522 657 693 828 963 999 1116 
315 317 320 321 52 187 223 356 491 527 662 698 833 968 1004 1121 
315 316 322 323 51 186 222 359 494 530 665 701 836 971 1007 1124 
315 319 320 322 53 188 224 358 493 529 664 700 835 970 1006 1123 
315 318 321 323 50 185 221 357 492 528 663 699 834 969 1005 1122 
316 318 321 322 46 181 217 355 490 526 661 697 832 967 1003 1120 
316 319 320 323 49 184 220 353 488 524 659 695 830 965 1001 1118 
317 318 320 323 48 183 219 352 487 523 658 694 829 964 1000 1117 
317 319 321 322 47 182 218 354 489 525 660 696 831 966 1002 1119 
325 326 327 328 63 153 243 333 423 513 603 693 882 972 1062 1179 
324 326 329 330 70 160 250 338 428 518 608 698 887 977 1067 1184 
324 325 331 332 69 159 249 341 431 521 611 701 890 980 1070 1187 
324 328 329 331 71 161 251 340 430 520 610 700 889 979 1069 1186 
324 327 330 332 68 158 248 339 429 519 609 699 888 978 1068 1185 
325 327 330 331 64 154 244 337 427 517 607 697 886 976 1066 1183 
325 328 329 332 67 157 247 335 425 515 605 695 884 974 1064 1181 
326 327 329 332 66 156 246 334 424 514 604 694 883 973 1063 1180 
326 328 330 331 65 155 245 336 426 516 606 696 885 975 1065 1182 
334 335 336 337 72 189 207 324 441 558 675 693 810 927 1044 1143 
333 335 338 339 79 196 214 331 446 563 680 698 815 932 1049 1148 
333 334 340 341 78 195 213 330 449 566 683 701 818 935 1052 1151 
333 337 338 340 80 197 215 332 448 565 682 700 817 934 1051 1150 
333 336 339 341 77 194 212 329 447 564 681 699 816 933 1050 1149 
334 336 339 340 73 190 208 325 445 562 679 697 814 931 1048 1147 
334 337 338 341 76 193 211 328 443 560 677 695 812 929 1046 1145 
335 336 338 341 75 192 210 327 442 559 676 694 811 928 1045 1144 
335 337 339 340 74 191 209 326 444 561 678 696 813 930 1047 1146 
343 344 345 346 18 171 225 378 432 585 639 693 846 900 1053 1107 
342 344 347 348 25 178 232 383 437 590 644 698 851 905 1058 1112 
342 343 349 350 24 177 231 386 440 593 647 701 854 908 1061 1115 
342 346 347 349 26 179 233 385 439 592 646 700 853 907 1060 1114 
342 345 348 350 23 176 230 384 438 591 645 699 852 906 1059 1113 
343 345 348 349 19 172 226 382 436 589 643 697 850 904 1057 1111 
343 346 347 350 22 175 229 380 434 587 641 695 848 902 1055 1109 
344 345 347 350 21 174 228 379 433 586 640 694 847 901 1054 1108 
344 346 348 349 20 173 227 381 435 588 642 696 849 903 1056 1110 
352 353 354 355 81 126 270 315 459 504 648 693 837 981 1026 1170 
351 353 356 357 88 133 277 322 464 509 653 698 842 986 1031 1175 
351 352 358 359 87 132 276 321 467 512 656 701 845 989 1034 1178 
351 355 356 358 89 134 278 323 466 511 655 700 844 988 1033 1177 
351 354 357 359 86 131 275 320 465 510 654 699 843 987 1032 1176 
352 354 357 358 82 127 271 316 463 508 652 697 841 985 1030 1174 
352 355 356 359 85 130 274 319 461 506 650 695 839 983 1028 1172 
353 354 356 359 84 129 273 318 460 505 649 694 838 982 1027 1171 
353 355 357 358 83 128 272 317 462 507 651 696 840 984 1029 1173 
361 362 363 364 27 108 288 369 450 531 612 693 873 954 1035 1134 
360 362 365 366 34 115 295 374 455 536 617 698 878 959 1040 1139 
360 361 367 368 33 114 294 377 458 539 620 701 881 962 1043 1142 
360 364 365 367 35 116 296 376 457 538 619 700 880 961 1042 1141 
360 363 366 368 32 113 293 375 456 537 618 699 879 960 1041 1140 
361 363 366 367 28 109 289 373 454 535 616 697 877 958 1039 1138 
361 364 365 368 31 112 292 371 452 533 614 695 875 956 1037 1136 
362 363 365 368 30 111 291 370 451 532 613 694 874 955 1036 1135 
362 364 366 367 29 110 290 372 453 534 615 696 876 957 1038 1137 
370 371 372 373 36 144 252 360 468 576 684 693 801 909 1017 1098 
369 371 374 375 43 151 259 367 473 581 689 698 806 914 1022 1103 
369 370 376 377 42 150 258 366 476 584 692 701 809 917 1025 1106 
369 373 374 376 44 152 260 368 475 583 691 700 808 916 1024 1105 
369 372 375 377 41 149 257 365 474 582 690 699 807 915 1023 1104 
370 372 375 376 37 145 253 361 472 580 688 697 805 913 1021 1102 
370 373 374 377 40 148 256 364 470 578 686 695 803 911 1019 1100 
371 372 374 377 39 147 255 363 469 577 685 694 802 910 1018 1099 
371 373 375 376 38 146 254 362 471 579 687 696 804 912 1020 1101 
379 380 381 382 54 117 279 342 405 567 630 693 855 918 1080 1161 
378 380 383 384 61 124 286 349 410 572 635 698 860 923 1085 1166 
378 379 385 386 60 123 285 348 413 575 638 701 863 926 1088 1169 
378 382 383 385 62 125 287 350 412 574 637 700 862 925 1087 1168 
378 381 384 386 59 122 284 347 411 573 636 699 861 924 1086 1167 
379 381 384 385 55 118 280 343 409 571 634 697 859 922 1084 1165 
379 382 383 386 58 121 283 346 407 569 632 695 857 920 1082 1163 
380 381 383 386 57 120 282 345 406 568 631 694 856 919 1081 1162 
380 382 384 385 56 119 281 344 408 570 633 696 858 921 1083 1164 
388 389 390 391 9 135 261 414 540 666 693 819 945 1071 1125 
387 389 392 393 16 142 268 419 545 671 698 824 950 1076 1130 
387 388 394 395 15 141 267 422 548 674 701 827 953 1079 1133 
387 391 392 394 17 143 269 421 547 673 700 826 952 1078 1132 
387 390 393 395 14 140 266 420 546 672 699 825 951 1077 1131 
388 390 393 394 10 136 262 418 544 670 697 823 949 1075 1129 
388 391 392 395 13 139 265 416 542 668 695 821 947 1073 1127 
389 390 392 395 12 138 264 415 541 667 694 820 946 1072 1126 
389 391 393 394 11 137 263 417 543 669 696 822 948 1074 1128 
397 398 399 400 792 801 810 819 828 837 846 855 864 873 882 1089 
396 398 401 402 797 806 815 824 833 842 851 860 869 878 887 1094 
396 397 403 404 800 809 818 827 836 845 854 863 872 881 890 1097 
396 400 401 403 799 808 817 826 835 844 853 862 871 880 889 1096 
396 399 402 404 798 807 816 825 834 843 852 861 870 879 888 1095 
397 399 402 403 796 805 814 823 832 841 850 859 868 877 886 1093 
397 400 401 404 794 803 812 821 830 839 848 857 866 875 884 1091 
398 399 401 404 793 802 811 820 829 838 847 856 865 874 883 1090 
398 400 402 403 795 804 813 822 831 840 849 858 867 876 885 1092 
406 407 408 409 90 153 216 378 441 504 666 729 792 954 1017 1161 
405 407 410 411 97 160 223 385 446 509 671 734 797 959 1022 1166 
405 406 412 413 96 159 222 384 449 512 674 737 800 962 1025 1169 
405 409 410 412 98 161 224 386 448 511 673 736 799 961 1024 1168 
405 408 411 413 95 158 221 383 447 510 672 735 798 960 1023 1167 
406 408 411 412 91 154 217 379 445 508 670 733 796 958 1021 1165 
406 409 410 413 94 157 220 382 443 506 668 731 794 956 1019 1163 
407 408 410 413 93 156 219 381 442 505 667 730 793 955 1018 1162 
407 409 411 412 92 155 218 380 444 507 669 732 795 957 1020 1164 
415 416 417 418 45 126 207 387 468 549 630 711 792 972 1053 1134 
414 416 419 420 52 133 214 394 473 554 635 716 797 977 1058 1139 
414 415 421 422 51 132 213 393 476 557 638 719 800 980 1061 1142 
414 418 419 421 53 134 215 395 475 556 637 718 799 979 1060 1141 
414 417 420 422 50 131 212 392 474 555 636 717 798 978 1059 1140 
415 417 420 421 46 127 208 388 472 553 634 715 796 976 1057 1138 
415 418 419 422 49 130 211 391 470 551 632 713 794 974 1055 1136 
416 417 419 422 48 129 210 390 469 550 631 712 793 973 1054 1135 
416 418 420 421 47 128 209 389 471 552 633 714 795 975 1056 1137 
424 425 426 427 63 117 270 324 477 531 684 738 792 945 999 1107 
423 425 428 429 70 124 277 331 482 536 689 743 797 950 1004 1112 
423 424 430 431 69 123 276 330 485 539 692 746 800 953 1007 1115 
423 427 428 430 71 125 278 332 484 538 691 745 799 952 1006 1114 
423 426 429 431 68 122 275 329 483 537 690 744 798 951 1005 1113 
424 426 429 430 64 118 271 325 481 535 688 742 796 949 1003 1111 
424 427 428 431 67 121 274 328 479 533 686 740 794 947 1001 1109 
425 426 428 431 66 120 273 327 478 532 685 739 793 946 1000 1108 
425 427 429 430 65 119 272 326 480 534 687 741 795 948 1002 1110 
433 434 435 436 72 162 252 342 522 612 702 792 981 1071 1179 
432 434 437 438 79 169 259 349 527 617 707 797 986 1076 1184 
432 433 439 440 78 168 258 348 530 620 710 800 989 1079 1187 
432 436 437 439 80 170 260 350 529 619 709 799 988 1078 1186 
432 435 438 440 77 167 257 347 528 618 708 798 987 1077 1185 
433 435 438 439 73 163 253 343 526 616 706 796 985 1075 1183 
433 436 437 440 76 166 256 346 524 614 704 794 983 1073 1181 
434 435 437 440 75 165 255 345 523 613 703 793 982 1072 1180 
434 436 438 439 74 164 254 344 525 615 705 795 984 1074 1182 
442 443 444 445 18 189 261 333 405 576 648 720 792 963 1035 1152 
441 443 446 447 25 196 268 340 412 581 653 725 797 968 1040 1157 
441 442 448 449 24 195 267 339 411 584 656 728 800 971 1043 1160 
441 445 446 448 26 197 269 341 413 583 655 727 799 970 1042 1159 
441 444 447 449 23 194 266 338 410 582 654 726 798 969 1041 1158 
442 444 447 448 19 190 262 334 406 580 652 724 796 967 1039 1156 
442 445 446 449 22 193 265 337 409 578 650 722 794 965 1037 1154 
443 444 446 449 21 192 264 336 408 577 649 721 793 964 1036 1153 
443 445 447 448 20 191 263 335 407 579 651 723 795 966 1038 1155 
451 452 453 454 81 108 234 360 486 513 639 765 792 918 1044 1125 
450 452 455 456 88 115 241 367 491 518 644 770 797 923 1049 1130 
450 451 457 458 87 114 240 366 494 521 647 773 800 926 1052 1133 
450 454 455 457 89 116 242 368 493 520 646 772 799 925 1051 1132 
450 453 456 458 86 113 239 365 492 519 645 771 798 924 1050 1131 
451 453 456 457 82 109 235 361 490 517 643 769 796 922 1048 1129 
451 454 455 458 85 112 238 364 488 515 641 767 794 920 1046 1127 
452 453 455 458 84 111 237 363 487 514 640 766 793 919 1045 1126 
452 454 456 457 83 110 236 362 489 516 642 768 795 921 1047 1128 
460 461 462 463 27 135 243 351 567 675 783 792 900 1008 1098 
459 461 464 465 34 142 250 358 572 680 788 797 905 1013 1103 
459 460 466 467 33 141 249 357 575 683 791 800 908 1016 1106 
459 463 464 466 35 143 251 359 574 682 790 799 907 1015 1105 
459 462 465 467 32 140 248 356 573 681 789 798 906 1014 1104 
460 462 465 466 28 136 244 352 571 679 787 796 904 1012 1102 
460 463 464 467 31 139 247 355 569 677 785 794 902 1010 1100 
461 462 464 467 30 138 246 354 568 676 784 793 901 1009 1099 
461 463 465 466 29 137 245 353 570 678 786 795 903 1011 1101 
469 470 471 472 36 180 225 369 414 558 603 747 792 936 1080 1170 
468 470 473 474 43 187 232 376 421 563 608 752 797 941 1085 1175 
468 469 475 476 42 186 231 375 420 566 611 755 800 944 1088 1178 
468 472 473 475 44 188 233 377 422 565 610 754 799 943 1087 1177 
468 471 474 476 41 185 230 374 419 564 609 753 798 942 1086 1176 
469 471 474 475 37 181 226 370 415 562 607 751 796 940 1084 1174 
469 472 473 476 40 184 229 373 418 560 605 749 794 938 1082 1172 
470 471 473 476 39 183 228 372 417 559 604 748 793 937 1081 1171 
470 472 474 475 38 182 227 371 416 561 606 750 795 939 1083 1173 
478 479 480 481 54 171 288 306 423 540 657 774 792 909 1026 1143 
477 479 482 483 61 178 295 313 430 545 662 779 797 914 1031 1148 
477 478 484 485 60 177 294 312 429 548 665 782 800 917 1034 1151 
477 481 482 484 62 179 296 314 431 547 664 781 799 916 1033 1150 
477 480 483 485 59 176 293 311 428 546 663 780 798 915 1032 1149 
478 480 483 484 55 172 289 307 424 544 661 778 796 913 1030 1147 
478 481 482 485 58 175 292 310 427 542 659 776 794 911 1028 1145 
479 480 482 485 57 174 291 309 426 541 658 775 793 910 1027 1144 
479 481 483 484 56 173 290 308 425 543 660 777 795 912 1029 1146 
487 488 489 490 9 144 279 315 450 585 621 756 792 927 1062 1116 
486 488 491 492 16 151 286 322 457 590 626 761 797 932 1067 1121 
486 487 493 494 15 150 285 321 456 593 629 764 800 935 1070 1124 
486 490 491 493 17 152 287 323 458 592 628 763 799 934 1069 1123 
486 489 492 494 14 149 284 320 455 591 627 762 798 933 1068 1122 
487 489 492 493 10 145 280 316 451 589 625 760 796 931 1066 1120 
487 490 491 494 13 148 283 319 454 587 623 758 794 929 1064 1118 
488 489 491 494 12 147 282 318 453 586 622 757 793 928 1063 1117 
488 490 492 493 11 146 281 317 452 588 624 759 795 930 1065 1119 
496 497 498 499 198 207 216 225 234 243 252 261 270 279 288 1089 
495 497 500 501 205 214 223 232 241 250 259 268 277 286 295 1094 
495 496 502 503 204 213 222 231 240 249 258 267 276 285 294 1097 
495 499 500 502 206 215 224 233 242 251 260 269 278 287 296 1096 
495 498 501 503 203 212 221 230 239 248 257 266 275 284 293 1095 
496 498 501 502 199 208 217 226 235 244 253 262 271 280 289 1093 
496 499 500 503 202 211 220 229 238 247 256 265 274 283 292 1091 
497 498 500 503 201 210 219 228 237 246 255 264 273 282 291 1090 
497 499 501 502 200 209 218 227 236 245 254 263 272 281 290 1092 
505 506 507 508 90 144 198 351 405 558 612 765 819 972 1026 1107 
504 506 509 510 97 151 205 358 412 563 617 770 824 977 1031 1112 
504 505 511 512 96 150 204 357 411 566 620 773 827 980 1034 1115 
504 508 509 511 98 152 206 359 413 565 619 772 826 979 1033 1114 
504 507 510 512 95 149 203 356 410 564 618 771 825 978 1032 1113 
505 507 510 511 91 145 199 352 406 562 616 769 823 976 1030 1111 
505 508 509 512 94 148 202 355 409 560 614 767 821 974 1028 1109 
506 507 509 512 93 147 201 354 408 559 613 766 820 973 1027 1108 
506 508 510 511 92 146 200 353 407 561 615 768 822 975 1029 1110 
514 515 516 517 45 171 198 324 450 576 603 729 855 981 1008 1125 
513 515 518 519 52 178 205 331 457 581 608 734 860 986 1013 1130 
513 514 520 521 51 177 204 330 456 584 611 737 863 989 1016 1133 
513 517 518 520 53 179 206 332 458 583 610 736 862 988 1015 1132 
513 516 519 521 50 176 203 329 455 582 609 735 861 987 1014 1131 
514 516 519 520 46 172 199 325 451 580 607 733 859 985 1012 1129 
514 517 518 521 49 175 202 328 454 578 605 731 857 983 1010 1127 
515 516 518 521 48 174 201 327 453 577 604 730 856 982 1009 1126 
515 517 519 520 47 173 200 326 452 579 606 732 858 984 1011 1128 
523 524 525 526 63 180 198 315 432 549 666 783 801 918 1035 1143 
522 524 527 528 70 187 205 322 439 554 671 788 806 923 1040 1148 
522 523 529 530 69 186 204 321 438 557 674 791 809 926 1043 1151 
522 526 527 529 71 188 206 323 440 556 673 790 808 925 1042 1150 
522 525 528 530 68 185 203 320 437 555 672 789 807 924 1041 1149 
523 525 528 529 64 181 199 316 433 553 670 787 805 922 1039 1147 
523 526 527 530 67 184 202 319 436 551 668 785 803 920 1037 1145 
524 525 527 530 66 183 201 318 435 550 667 784 802 919 1036 1144 
524 526 528 529 65 182 200 317 434 552 669 786 804 921 1038 1146 
532 533 534 535 72 135 198 360 423 585 648 711 873 936 999 1161 
531 533 536 537 79 142 205 367 430 590 653 716 878 941 1004 1166 
531 532 538 539 78 141 204 366 429 593 656 719 881 944 1007 1169 
531 535 536 538 80 143 206 368 431 592 655 718 880 943 1006 1168 
531 534 537 539 77 140 203 365 428 591 654 717 879 942 1005 1167 
532 534 537 538 73 136 199 361 424 589 652 715 877 940 1003 1165 
532 535 536 539 76 139 202 364 427 587 650 713 875 938 1001 1163 
533 534 536 539 75 138 201 363 426 586 649 712 874 937 1000 1162 
533 535 537 538 74 137 200 362 425 588 651 714 876 939 1002 1164 
541 542 543 544 18 108 198 387 477 567 657 747 837 927 1017 1179 
540 542 545 546 25 115 205 394 484 572 662 752 842 932 1022 1184 
540 541 547 548 24 114 204 393 483 575 665 755 845 935 1025 1187 
540 544 545 547 26 116 206 395 485 574 664 754 844 934 1024 1186 
540 543 546 548 23 113 203 392 482 573 663 753 843 933 1023 1185 
541 543 546 547 19 109 199 388 478 571 661 751 841 931 1021 1183 
541 544 545 548 22 112 202 391 481 569 659 749 839 929 1019 1181 
542 543 545 548 21 111 201 390 480 568 658 748 838 928 1018 1180 
542 544 546 547 20 110 200 389 479 570 660 750 840 930 1020 1182 
550 551 552 553 81 189 198 306 414 522 630 738 846 954 1062 1098 
549 551 554 555 88 196 205 313 421 529 635 743 851 959 1067 1103 
549 550 556 557 87 195 204 312 420 528 638 746 854 962 1070 1106 
549 553 554 556 89 197 206 314 422 530 637 745 853 961 1069 1105 
549 552 555 557 86 194 203 311 419 527 636 744 852 960 1068 1104 
550 552 555 556 82 190 199 307 415 523 634 742 850 958 1066 1102 
550 553 554 557 85 193 202 310 418 526 632 740 848 956 1064 1100 
551 552 554 557 84 192 201 309 417 525 631 739 847 955 1063 1099 
551 553 555 556 83 191 200 308 416 524 633 741 849 957 1065 1101 
559 560 561 562 27 162 198 333 468 504 639 774 810 945 1080 1116 
558 560 563 564 34 169 205 340 475 511 644 779 815 950 1085 1121 
558 559 565 566 33 168 204 339 474 510 647 782 818 953 1088 1124 
558 562 563 565 35 170 206 341 476 512 646 781 817 952 1087 1123 
558 561 564 566 32 167 203 338 473 509 645 780 816 951 1086 1122 
559 561 564 565 28 163 199 334 469 505 643 778 814 949 1084 1120 
559 562 563 566 31 166 202 337 472 508 641 776 812 947 1082 1118 
560 561 563 566 30 165 201 336 471 507 640 775 811 946 1081 1117 
560 562 564 565 29 164 200 335 470 506 642 777 813 948 1083 1119 
568 569 570 571 36 117 198 378 459 540 621 702 882 963 1044 1134 
567 569 572 573 43 124 205 385 466 547 626 707 887 968 1049 1139 
567 568 574 575 42 123 204 384 465 546 629 710 890 971 1052 1142 
567 571 572 574 44 125 206 386 467 548 628 709 889 970 1051 1141 
567 570 573 575 41 122 203 383 464 545 627 708 888 969 1050 1140 
568 570 573 574 37 118 199 379 460 541 625 706 886 967 1048 1138 
568 571 572 575 40 121 202 382 463 544 623 704 884 965 1046 1136 
569 570 572 575 39 120 201 381 462 543 622 703 883 964 1045 1135 
569 571 573 574 38 119 200 380 461 542 624 705 885 966 1047 1137 
577 578 579 580 54 126 198 369 441 513 684 756 828 900 1071 1152 
576 578 581 582 61 133 205 376 448 520 689 761 833 905 1076 1157 
576 577 583 584 60 132 204 375 447 519 692 764 836 908 1079 1160 
576 580 581 583 62 134 206 377 449 521 691 763 835 907 1078 1159 
576 579 582 584 59 131 203 374 446 518 690 762 834 906 1077 1158 
577 579 582 583 55 127 199 370 442 514 688 760 832 904 1075 1156 
577 580 581 584 58 130 202 373 445 517 686 758 830 902 1073 1154 
578 579 581 584 57 129 201 372 444 516 685 757 829 901 1072 1153 
578 580 582 583 56 128 200 371 443 515 687 759 831 903 1074 1155 
586 587 588 589 9 153 198 342 486 531 675 720 864 909 1053 1170 
585 587 590 591 16 160 205 349 493 538 680 725 869 914 1058 1175 
585 586 592 593 15 159 204 348 492 537 683 728 872 917 1061 1178 
585 589 590 592 17 161 206 350 494 539 682 727 871 916 1060 1177 
585 588 591 593 14 158 203 347 491 536 681 726 870 915 1059 1176 
586 588 591 592 10 154 199 343 487 532 679 724 868 913 1057 1174 
586 589 590 593 13 157 202 346 490 535 677 722 866 911 1055 1172 
587 588 590 593 12 156 201 345 489 534 676 721 865 910 1054 1171 
587 589 591 592 11 155 200 344 488 533 678 723 867 912 1056 1173 
595 596 597 598 891 900 909 918 927 936 945 954 963 972 981 1089 
594 596 599 600 896 905 914 923 932 941 950 959 968 977 986 1094 
594 595 601 602 899 908 917 926 935 944 953 962 971 980 989 1097 
594 598 599 601 898 907 916 925 934 943 952 961 970 979 988 1096 
594 597 600 602 897 906 915 924 933 942 951 960 969 978 987 1095 
595 597 600 601 895 904 913 922 931 940 949 958 967 976 985 1093 
595 598 599 602 893 902 911 920 929 938 947 956 965 974 983 1091 
596 597 599 602 892 901 910 919 928 937 946 955 964 973 982 1090 
596 598 600 601 894 903 912 921 930 939 948 957 966 975 984 1092 
604 605 606 607 90 135 279 324 468 513 657 702 846 891 1035 1170 
603 605 608 609 97 142 286 331 475 520 662 707 851 896 1040 1175 
603 604 610 611 96 141 285 330 474 519 665 710 854 899 1043 1178 
603 607 608 610 98 143 287 332 476 521 664 709 853 898 1042 1177 
603 606 609 611 95 140 284 329 473 518 663 708 852 897 1041 1176 
604 606 609 610 91 136 280 325 469 514 661 706 850 895 1039 1174 
604 607 608 611 94 139 283 328 472 517 659 704 848 893 1037 1172 
605 606 608 611 93 138 282 327 471 516 658 703 847 892 1036 1171 
605 607 609 610 92 137 281 326 470 515 660 705 849 894 1038 1173 
613 614 615 616 45 117 288 360 432 504 675 747 819 891 1062 1152 
612 614 617 618 52 124 295 367 439 511 680 752 824 896 1067 1157 
612 613 619 620 51 123 294 366 438 510 683 755 827 899 1070 1160 
612 616 617 619 53 125 296 368 440 512 682 754 826 898 1069 1159 
612 615 618 620 50 122 293 365 437 509 681 753 825 897 1068 1158 
613 615 618 619 46 118 289 361 433 505 679 751 823 895 1066 1156 
613 616 617 620 49 121 292 364 436 508 677 749 821 893 1064 1154 
614 615 617 620 48 120 291 363 435 507 676 748 820 892 1063 1153 
614 616 618 619 47 119 290 362 434 506 678 750 822 894 1065 1155 
622 623 624 625 63 144 225 306 486 567 648 729 810 891 1071 1134 
621 623 626 627 70 151 232 313 493 574 653 734 815 896 1076 1139 
621 622 628 629 69 150 231 312 492 573 656 737 818 899 1079 1142 
621 625 626 628 71 152 233 314 494 575 655 736 817 898 1078 1141 
621 624 627 629 68 149 230 311 491 572 654 735 816 897 1077 1140 
622 624 627 628 64 145 226 307 487 568 652 733 814 895 1075 1138 
622 625 626 629 67 148 229 310 490 571 650 731 812 893 1073 1136 
623 624 626 629 66 147 228 309 489 570 649 730 811 892 1072 1135 
623 625 627 628 65 146 227 308 488 569 651 732 813 894 1074 1137 
631 632 633 634 72 108 243 378 414 549 684 720 855 891 1026 1116 
630 632 635 636 79 115 250 385 421 556 689 725 860 896 1031 1121 
630 631 637 638 78 114 249 384 420 555 692 728 863 899 1034 1124 
630 634 635 637 80 116 251 386 422 557 691 727 862 898 1033 1123 
630 633 636 638 77 113 248 383 419 554 690 726 861 897 1032 1122 
631 633 636 637 73 109 244 379 415 550 688 724 859 895 1030 1120 
631 634 635 638 76 112 247 382 418 553 686 722 857 893 1028 1118 
632 633 635 638 75 111 246 381 417 552 685 721 856 892 1027 1117 
632 634 636 637 74 110 245 380 416 551 687 723 858 894 1029 1119 
640 641 642 643 18 126 234 342 450 558 666 774 882 891 999 1098 
639 641 644 645 25 133 241 349 457 565 671 779 887 896 1004 1103 
639 640 646 647 24 132 240 348 456 564 674 782 890 899 1007 1106 
639 643 644 646 26 134 242 350 458 566 673 781 889 898 1006 1105 
639 642 645 647 23 131 239 347 455 563 672 780 888 897 1005 1104 
640 642 645 646 19 127 235 343 451 559 670 778 886 895 1003 1102 
640 643 644 647 22 130 238 346 454 562 668 776 884 893 1001 1100 
641 642 644 647 21 129 237 345 453 561 667 775 883 892 1000 1099 
641 643 645 646 20 128 236 344 452 560 669 777 885 894 1002 1101 
649 650 651 652 81 171 261 351 441 531 621 711 801 891 1080 1179 
648 650 653 654 88 178 268 358 448 538 628 716 806 896 1085 1184 
648 649 655 656 87 177 267 357 447 537 627 719 809 899 1088 1187 
648 652 653 655 89 179 269 359 449 539 629 718 808 898 1087 1186 
648 651 654 656 86 176 266 356 446 536 626 717 807 897 1086 1185 
649 651 654 655 82 172 262 352 442 532 622 715 805 895 1084 1183 
649 652 653 656 85 175 265 355 445 535 625 713 803 893 1082 1181 
650 651 653 656 84 174 264 354 444 534 624 712 802 892 1081 1180 
650 652 654 655 83 173 263 353 443 533 623 714 804 894 1083 1182 
658 659 660 661 27 189 252 315 477 540 603 765 828 891 1053 1161 
657 659 662 663 34 196 259 322 484 547 610 770 833 896 1058 1166 
657 658 664 665 33 195 258 321 483 546 609 773 836 899 1061 1169 
657 661 662 664 35 197 260 323 485 548 611 772 835 898 1060 1168 
657 660 663 665 32 194 257 320 482 545 608 771 834 897 1059 1167 
658 660 663 664 28 190 253 316 478 541 604 769 832 895 1057 1165 
658 661 662 665 31 193 256 319 481 544 607 767 830 893 1055 1163 
659 660 662 665 30 192 255 318 480 543 606 766 829 892 1054 1162 
659 661 663 664 29 191 254 317 479 542 605 768 831 894 1056 1164 
667 668 669 670 36 153 270 387 405 522 639 756 873 891 1008 1143 
666 668 671 672 43 160 277 394 412 529 646 761 878 896 1013 1148 
666 667 673 674 42 159 276 393 411 528 645 764 881 899 1016 1151 
666 670 671 673 44 161 278 395 413 530 647 763 880 898 1015 1150 
666 669 672 674 41 158 275 392 410 527 644 762 879 897 1014 1149 
667 669 672 673 37 154 271 388 406 523 640 760 877 895 1012 1147 
667 670 671 674 40 157 274 391 409 526 643 758 875 893 1010 1145 
668 669 671 674 39 156 273 390 408 525 642 757 874 892 1009 1144 
668 670 672 673 38 155 272 389 407 524 641 759 876 894 1011 1146 
676 677 678 679 54 180 207 333 459 585 612 738 864 891 1017 1125 
675 677 680 681 61 187 214 340 466 592 619 743 869 896 1022 1130 
675 676 682 683 60 186 213 339 465 591 618 746 872 899 1025 1133 
675 679 680 682 62 188 215 341 467 593 620 745 871 898 1024 1132 
675 678 681 683 59 185 212 338 464 590 617 744 870 897 1023 1131 
676 678 681 682 55 181 208 334 460 586 613 742 868 895 1021 1129 
676 679 680 683 58 184 211 337 463 589 616 740 866 893 1019 1127 
677 678 680 683 57 183 210 336 462 588 615 739 865 892 1018 1126 
677 679 681 682 56 182 209 335 461 587 614 741 867 894 1020 1128 
685 686 687 688 9 162 216 369 423 576 630 783 837 891 1044 1107 
684 686 689 690 16 169 223 376 430 583 637 788 842 896 1049 1112 
684 685 691 692 15 168 222 375 429 582 636 791 845 899 1052 1115 
684 688 689 691 17 170 224 377 431 584 638 790 844 898 1051 1114 
684 687 690 692 14 167 221 374 428 581 635 789 843 897 1050 1113 
685 687 690 691 10 163 217 370 424 577 631 787 841 895 1048 1111 
685 688 689 692 13 166 220 373 427 580 634 785 839 893 1046 1109 
686 687 689 692 12 165 219 372 426 579 633 784 838 892 1045 1108 
686 688 690 691 11 164 218 371 425 578 632 786 840 894 1047 1110 
694 695 696 697 297 306 315 324 333 342 351 360 369 378 387 1089 
693 695 698 699 304 313 322 331 340 349 358 367 376 385 394 1094 
693 694 700 701 303 312 321 330 339 348 357 366 375 384 393 1097 
693 697 698 700 305 314 323 332 341 350 359 368 377 386 395 1096 
693 696 699 701 302 311 320 329 338 347 356 365 374 383 392 1095 
694 696 699 700 298 307 316 325 334 343 352 361 370 379 388 1093 
694 697 698 701 301 310 319 328 337 346 355 364 373 382 391 1091 
695 696 698 701 300 309 318 327 336 345 354 363 372 381 390 1090 
695 697 699 700 299 308 317 326 335 344 353 362 371 380 389 1092 
703 704 705 706 90 126 261 297 432 567 603 738 873 909 1044 1116 
702 704 707 708 97 133 268 304 439 574 610 743 878 914 1049 1121 
702 703 709 710 96 132 267 303 438 573 609 746 881 917 1052 1124 
702 706 707 709 98 134 269 305 440 575 611 745 880 916 1051 1123 
702 705 708 710 95 131 266 302 437 572 608 744 879 915 1050 1122 
703 705 708 709 91 127 262 298 433 568 604 742 877 913 1048 1120 
703 706 707 710 94 130 265 301 436 571 607 740 875 911 1046 1118 
704 705 707 710 93 129 264 300 435 570 606 739 874 910 1045 1117 
704 706 708 709 92 128 263 299 434 569 605 741 876 912 1047 1119 
712 713 714 715 45 162 279 297 414 531 648 765 882 900 1017 1143 
711 713 716 717 52 169 286 304 421 538 655 770 887 905 1022 1148 
711 712 718 719 51 168 285 303 420 537 654 773 890 908 1025 1151 
711 715 716 718 53 170 287 305 422 539 656 772 889 907 1024 1150 
711 714 717 719 50 167 284 302 419 536 653 771 888 906 1023 1149 
712 714 717 718 46 163 280 298 415 532 649 769 886 904 1021 1147 
712 715 716 719 49 166 283 301 418 535 652 767 884 902 1019 1145 
713 714 716 719 48 165 282 300 417 534 651 766 883 901 1018 1144 
713 715 717 718 47 164 281 299 416 533 650 768 885 903 1020 1146 
721 722 723 724 63 108 252 297 441 585 630 774 819 963 1008 1170 
720 722 725 726 70 115 259 304 448 592 637 779 824 968 1013 1175 
720 721 727 728 69 114 258 303 447 591 636 782 827 971 1016 1178 
720 724 725 727 71 116 260 305 449 593 638 781 826 970 1015 1177 
720 723 726 728 68 113 257 302 446 590 635 780 825 969 1014 1176 
721 723 726 727 64 109 253 298 442 586 631 778 823 967 1012 1174 
721 724 725 728 67 112 256 301 445 589 634 776 821 965 1010 1172 
722 723 725 728 66 111 255 300 444 588 633 775 820 964 1009 1171 
722 724 726 727 65 110 254 299 443 587 632 777 822 966 1011 1173 
730 731 732 733 72 180 288 297 405 513 621 837 945 1053 1098 
729 731 734 735 79 187 295 304 412 520 628 842 950 1058 1103 
729 730 736 737 78 186 294 303 411 519 627 845 953 1061 1106 
729 733 734 736 80 188 296 305 413 521 629 844 952 1060 1105 
729 732 735 737 77 185 293 302 410 518 626 843 951 1059 1104 
730 732 735 736 73 181 289 298 406 514 622 841 949 1057 1102 
730 733 734 737 76 184 292 301 409 517 625 839 947 1055 1100 
731 732 734 737 75 183 291 300 408 516 624 838 946 1054 1099 
731 733 735 736 74 182 290 299 407 515 623 840 948 1056 1101 
739 740 741 742 18 144 270 297 423 549 675 702 828 954 1080 1125 
738 740 743 744 25 151 277 304 430 556 682 709 833 959 1085 1130 
738 739 745 746 24 150 276 303 429 555 681 708 836 962 1088 1133 
738 742 743 745 26 152 278 305 431 557 683 710 835 961 1087 1132 
738 741 744 746 23 149 275 302 428 554 680 707 834 960 1086 1131 
739 741 744 745 19 145 271 298 424 550 676 703 832 958 1084 1129 
739 742 743 746 22 148 274 301 427 553 679 706 830 956 1082 1127 
740 741 743 746 21 147 273 300 426 552 678 705 829 955 1081 1126 
740 742 744 745 20 146 272 299 425 551 677 704 831 957 1083 1128 
748 749 750 751 81 153 225 297 468 540 612 783 855 927 999 1152 
747 749 752 753 88 160 232 304 475 547 619 788 860 932 1004 1157 
747 748 754 755 87 159 231 303 474 546 618 791 863 935 1007 1160 
747 751 752 754 89 161 233 305 476 548 620 790 862 934 1006 1159 
747 750 753 755 86 158 230 302 473 545 617 789 861 933 1005 1158 
748 750 753 754 82 154 226 298 469 541 613 787 859 931 1003 1156 
748 751 752 755 85 157 229 301 472 544 616 785 857 929 1001 1154 
749 750 752 755 84 156 228 300 471 543 615 784 856 928 1000 1153 
749 751 753 754 83 155 227 299 470 542 614 786 858 930 1002 1155 
757 758 759 760 27 117 207 297 486 576 666 846 936 1026 1179 
756 758 761 762 34 124 214 304 493 583 673 851 941 1031 1184 
756 757 763 764 33 123 213 303 492 582 672 854 944 1034 1187 
756 760 761 763 35 125 215 305 494 584 674 853 943 1033 1186 
756 759 762 764 32 122 212 302 491 581 671 852 942 1032 1185 
757 759 762 763 28 118 208 298 487 577 667 850 940 1030 1183 
757 760 761 764 31 121 211 301 490 580 670 848 938 1028 1181 
758 759 761 764 30 120 210 300 489 579 669 847 937 1027 1180 
758 760 762 763 29 119 209 299 488 578 668 849 939 1029 1182 
766 767 768 769 36 189 243 297 450 504 657 711 864 918 1071 1107 
765 767 770 771 43 196 250 304 457 511 664 718 869 923 1076 1112 
765 766 772 773 42 195 249 303 456 510 663 717 872 926 1079 1115 
765 769 770 772 44 197 251 305 458 512 665 719 871 925 1078 1114 
765 768 771 773 41 194 248 302 455 509 662 716 870 924 1077 1113 
766 768 771 772 37 190 244 298 451 505 658 712 868 922 1075 1111 
766 769 770 773 40 193 247 301 454 508 661 715 866 920 1073 1109 
767 768 770 773 39 192 246 300 453 507 660 714 865 919 1072 1108 
767 769 771 772 38 191 245 299 452 506 659 713 867 921 1074 1110 
775 776 777 778 54 135 216 297 477 558 639 720 801 981 1062 1134 
774 776 779 780 61 142 223 304 484 565 646 727 806 986 1067 1139 
774 775 781 782 60 141 222 303 483 564 645 726 809 989 1070 1142 
774 778 779 781 62 143 224 305 485 566 647 728 808 988 1069 1141 
774 777 780 782 59 140 221 302 482 563 644 725 807 987 1068 1140 
775 777 780 781 55 136 217 298 478 559 640 721 805 985 1066 1138 
775 778 779 782 58 139 220 301 481 562 643 724 803 983 1064 1136 
776 777 779 782 57 138 219 300 480 561 642 723 802 982 1063 1135 
776 778 780 781 56 137 218 299 479 560 641 722 804 984 1065 1137 
784 785 786 787 9 171 234 297 459 522 684 747 810 972 1035 1161 
783 785 788 789 16 178 241 304 466 529 691 754 815 977 1040 1166 
783 784 790 791 15 177 240 303 465 528 690 753 818 980 1043 1169 
783 787 788 790 17 179 242 305 467 530 692 755 817 979 1042 1168 
783 786 789 791 14 176 239 302 464 527 689 752 816 978 1041 1167 
784 786 789 790 10 172 235 298 460 523 685 748 814 976 1039 1165 
784 787 788 791 13 175 238 301 463 526 688 751 812 974 1037 1163 
785 786 788 791 12 174 237 300 462 525 687 750 811 973 1036 1162 
785 787 789 790 11 173 236 299 461 524 686 749 813 975 1038 1164 
793 794 795 796 396 405 414 423 432 441 450 459 468 477 486 1089 
792 794 797 798 403 412 421 430 439 448 457 466 475 484 493 1094 
792 793 799 800 402 411 420 429 438 447 456 465 474 483 492 1097 
792 796 797 799 404 413 422 431 440 449 458 467 476 485 494 1096 
792 795 798 800 401 410 419 428 437 446 455 464 473 482 491 1095 
793 795 798 799 397 406 415 424 433 442 451 460 469 478 487 1093 
793 796 797 800 400 409 418 427 436 445 454 463 472 481 490 1091 
794 795 797 800 399 408 417 426 435 444 453 462 471 480 489 1090 
794 796 798 799 398 407 416 425 434 443 452 461 470 479 488 1092 
802 803 804 805 90 117 243 369 396 522 648 774 927 1053 1125 
801 803 806 807 97 124 250 376 403 529 655 781 932 1058 1130 
801 802 808 809 96 123 249 375 402 528 654 780 935 1061 1133 
801 805 806 808 98 125 251 377 404 530 656 782 934 1060 1132 
801 804 807 809 95 122 248 374 401 527 653 779 933 1059 1131 
802 804 807 808 91 118 244 370 397 523 649 775 931 1057 1129 
802 805 806 809 94 121 247 373 400 526 652 778 929 1055 1127 
803 804 806 809 93 120 246 372 399 525 651 777 928 1054 1126 
803 805 807 808 92 119 245 371 398 524 650 776 930 1056 1128 
811 812 813 814 45 108 270 333 396 558 621 783 846 909 1071 1161 
810 812 815 816 52 115 277 340 403 565 628 790 851 914 1076 1166 
810 811 817 818 51 114 276 339 402 564 627 789 854 917 1079 1169 
810 814 815 817 53 116 278 341 404 566 629 791 853 916 1078 1168 
810 813 816 818 50 113 275 338 401 563 626 788 852 915 1077 1167 
811 813 816 817 46 109 271 334 397 559 622 784 850 913 1075 1165 
811 814 815 818 49 112 274 337 400 562 625 787 848 911 1073 1163 
812 813 815 818 48 111 273 336 399 561 624 786 847 910 1072 1162 
812 814 816 817 47 110 272 335 398 560 623 785 849 912 1074 1164 
820 821 822 823 63 171 279 387 396 504 612 720 828 936 1044 1098 
819 821 824 825 70 178 286 394 403 511 619 727 833 941 1049 1103 
819 820 826 827 69 177 285 393 402 510 618 726 836 944 1052 1106 
819 823 824 826 71 179 287 395 404 512 620 728 835 943 1051 1105 
819 822 825 827 68 176 284 392 401 509 617 725 834 942 1050 1104 
820 822 825 826 64 172 280 388 397 505 613 721 832 940 1048 1102 
820 823 824 827 67 175 283 391 400 508 616 724 830 938 1046 1100 
821 822 824 827 66 174 282 390 399 507 615 723 829 937 1045 1099 
821 823 825 826 65 173 281 389 398 506 614 722 831 939 1047 1101 
829 830 831 832 72 153 234 315 396 576 657 738 819 900 1080 1134 
828 830 833 834 79 160 241 322 403 583 664 745 826 905 1085 1139 
828 829 835 836 78 159 240 321 402 582 663 744 825 908 1088 1142 
828 832 833 835 80 161 242 323 404 584 665 746 827 907 1087 1141 
828 831 834 836 77 158 239 320 401 581 662 743 824 906 1086 1140 
829 831 834 835 73 154 235 316 397 577 658 739 820 904 1084 1138 
829 832 833 836 76 157 238 319 400 580 661 742 823 902 1082 1136 
830 831 833 836 75 156 237 318 399 579 660 741 822 901 1081 1135 
830 832 834 835 74 155 236 317 398 578 659 740 821 903 1083 1137 
838 839 840 841 18 162 207 351 396 540 684 729 873 918 1062 1170 
837 839 842 843 25 169 214 358 403 547 691 736 878 923 1067 1175 
837 838 844 845 24 168 213 357 402 546 690 735 881 926 1070 1178 
837 841 842 844 26 170 215 359 404 548 692 737 880 925 1069 1177 
837 840 843 845 23 167 212 356 401 545 689 734 879 924 1068 1176 
838 840 843 844 19 163 208 352 397 541 685 730 877 922 1066 1174 
838 841 842 845 22 166 211 355 400 544 688 733 875 920 1064 1172 
839 840 842 845 21 165 210 354 399 543 687 732 874 919 1063 1171 
839 841 843 844 20 164 209 353 398 542 686 731 876 921 1065 1173 
847 848 849 850 81 135 288 342 396 549 603 756 810 963 1017 1107 
846 848 851 852 88 142 295 349 403 556 610 763 817 968 1022 1112 
846 847 853 854 87 141 294 348 402 555 609 762 816 971 1025 1115 
846 850 851 853 89 143 296 350 404 557 611 764 818 970 1024 1114 
846 849 852 854 86 140 293 347 401 554 608 761 815 969 1023 1113 
847 849 852 853 82 136 289 343 397 550 604 757 811 967 1021 1111 
847 850 851 854 85 139 292 346 400 553 607 760 814 965 1019 1109 
848 849 851 854 84 138 291 345 399 552 606 759 813 964 1018 1108 
848 850 852 853 83 137 290 344 398 551 605 758 812 966 1020 1110 
856 857 858 859 27 144 261 378 396 513 630 747 864 981 999 1143 
855 857 860 861 34 151 268 385 403 520 637 754 869 986 1004 1148 
855 856 862 863 33 150 267 384 402 519 636 753 872 989 1007 1151 
855 859 860 862 35 152 269 386 404 521 638 755 871 988 1006 1150 
855 858 861 863 32 149 266 383 401 518 635 752 870 987 1005 1149 
856 858 861 862 28 145 262 379 397 514 631 748 868 985 1003 1147 
856 859 860 863 31 148 265 382 400 517 634 751 866 983 1001 1145 
857 858 860 863 30 147 264 381 399 516 633 750 865 982 1000 1144 
857 859 861 862 29 146 263 380 398 515 632 749 867 984 1002 1146 
865 866 867 868 36 126 216 306 396 585 675 765 855 945 1035 1179 
864 866 869 870 43 133 223 313 403 592 682 772 862 950 1040 1184 
864 865 871 872 42 132 222 312 402 591 681 771 861 953 1043 1187 
864 868 869 871 44 134 224 314 404 593 683 773 863 952 1042 1186 
864 867 870 872 41 131 221 311 401 590 680 770 860 951 1041 1185 
865 867 870 871 37 127 217 307 397 586 676 766 856 949 1039 1183 
865 868 869 872 40 130 220 310 400 589 679 769 859 947 1037 1181 
866 867 869 872 39 129 219 309 399 588 678 768 858 946 1036 1180 
866 868 870 871 38 128 218 308 398 587 677 767 857 948 1038 1182 
874 875 876 877 54 189 225 360 396 531 666 702 837 972 1008 1116 
873 875 878 879 61 196 232 367 403 538 673 709 844 977 1013 1121 
873 874 880 881 60 195 231 366 402 537 672 708 843 980 1016 1124 
873 877 878 880 62 197 233 368 404 539 674 710 845 979 1015 1123 
873 876 879 881 59 194 230 365 401 536 671 707 842 978 1014 1122 
874 876 879 880 55 190 226 361 397 532 667 703 838 976 1012 1120 
874 877 878 881 58 193 229 364 400 535 670 706 841 974 1010 1118 
875 876 878 881 57 192 228 363 399 534 669 705 840 973 1009 1117 
875 877 879 880 56 191 227 362 398 533 668 704 839 975 1011 1119 
883 884 885 886 9 180 252 324 396 567 639 711 954 1026 1152 
882 884 887 888 16 187 259 331 403 574 646 718 959 1031 1157 
882 883 889 890 15 186 258 330 402 573 645 717 962 1034 1160 
882 886 887 889 17 188 260 332 404 575 647 719 961 1033 1159 
882 885 888 890 14 185 257 329 401 572 644 716 960 1032 1158 
883 885 888 889 10 181 253 325 397 568 640 712 958 1030 1156 
883 886 887 890 13 184 256 328 400 571 643 715 956 1028 1154 
884 885 887 890 12 183 255 327 399 570 642 714 955 1027 1153 
884 886 888 889 11 182 254 326 398 569 641 713 957 1029 1155 
892 893 894 895 594 603 612 621 630 639 648 657 666 675 684 1089 
891 893 896 897 601 610 619 628 637 646 655 664 673 682 691 1094 
891 892 898 899 600 609 618 627 636 645 654 663 672 681 690 1097 
891 895 896 898 602 611 620 629 638 647 656 665 674 683 692 1096 
891 894 897 899 599 608 617 626 635 644 653 662 671 680 689 1095 
892 894 897 898 595 604 613 622 631 640 649 658 667 676 685 1093 
892 895 896 899 598 607 616 625 634 643 652 661 670 679 688 1091 
893 894 896 899 597 606 615 624 633 642 651 660 669 678 687 1090 
893 895 897 898 596 605 614 623 632 641 650 659 668 677 686 1092 
901 902 903 904 90 108 225 342 459 576 594 711 828 945 1062 1143 
900 902 905 906 97 115 232 349 466 583 601 718 835 950 1067 1148 
900 901 907 908 96 114 231 348 465 582 600 717 834 953 1070 1151 
900 904 905 907 98 116 233 350 467 584 602 719 836 952 1069 1150 
900 903 906 908 95 113 230 347 464 581 599 716 833 951 1068 1149 
901 903 906 907 91 109 226 343 460 577 595 712 829 949 1066 1147 
901 904 905 908 94 112 229 346 463 580 598 715 832 947 1064 1145 
902 903 905 908 93 111 228 345 462 579 597 714 831 946 1063 1144 
902 904 906 907 92 110 227 344 461 578 596 713 830 948 1065 1146 
910 911 912 913 45 153 261 369 477 585 594 702 810 918 1026 1098 
909 911 914 915 52 160 268 376 484 592 601 709 817 923 1031 1103 
909 910 916 917 51 159 267 375 483 591 600 708 816 926 1034 1106 
909 913 914 916 53 161 269 377 485 593 602 710 818 925 1033 1105 
909 912 915 917 50 158 266 374 482 590 599 707 815 924 1032 1104 
910 912 915 916 46 154 262 370 478 586 595 703 811 922 1030 1102 
910 913 914 917 49 157 265 373 481 589 598 706 814 920 1028 1100 
911 912 914 917 48 156 264 372 480 588 597 705 813 919 1027 1099 
911 913 915 916 47 155 263 371 479 587 596 704 812 921 1029 1101 
919 920 921 922 63 135 207 378 450 522 594 765 837 909 1080 1152 
918 920 923 924 70 142 214 385 457 529 601 772 844 916 1085 1157 
918 919 925 926 69 141 213 384 456 528 600 771 843 915 1088 1160 
918 922 923 925 71 143 215 386 458 530 602 773 845 917 1087 1159 
918 921 924 926 68 140 212 383 455 527 599 770 842 914 1086 1158 
919 921 924 925 64 136 208 379 451 523 595 766 838 910 1084 1156 
919 922 923 926 67 139 211 382 454 526 598 769 841 913 1082 1154 
920 921 923 926 66 138 210 381 453 525 597 768 840 912 1081 1153 
920 922 924 925 65 137 209 380 452 524 596 767 839 911 1083 1155 
928 929 930 931 72 126 279 333 486 540 594 747 801 954 1008 1107 
927 929 932 933 79 133 286 340 493 547 601 754 808 959 1013 1112 
927 928 934 935 78 132 285 339 492 546 600 753 807 962 1016 1115 
927 931 932 934 80 134 287 341 494 548 602 755 809 961 1015 1114 
927 930 933 935 77 131 284 338 491 545 599 752 806 960 1014 1113 
928 930 933 934 73 127 280 334 487 541 595 748 802 958 1012 1111 
928 931 932 935 76 130 283 337 490 544 598 751 805 956 1010 1109 
929 930 932 935 75 129 282 336 489 543 597 750 804 955 1009 1108 
929 931 933 934 74 128 281 335 488 542 596 749 803 957 1011 1110 
937 938 939 940 18 180 243 306 468 531 594 756 819 981 1044 1161 
936 938 941 942 25 187 250 313 475 538 601 763 826 986 1049 1166 
936 937 943 944 24 186 249 312 474 537 600 762 825 989 1052 1169 
936 940 941 943 26 188 251 314 476 539 602 764 827 988 1051 1168 
936 939 942 944 23 185 248 311 473 536 599 761 824 987 1050 1167 
937 939 942 943 19 181 244 307 469 532 595 757 820 985 1048 1165 
937 940 941 944 22 184 247 310 472 535 598 760 823 983 1046 1163 
938 939 941 944 21 183 246 309 471 534 597 759 822 982 1045 1162 
938 940 942 943 20 182 245 308 470 533 596 758 821 984 1047 1164 
946 947 948 949 81 117 252 387 423 558 594 729 864 900 1035 1116 
945 947 950 951 88 124 259 394 430 565 601 736 871 907 1040 1121 
945 946 952 953 87 123 258 393 429 564 600 735 870 906 1043 1124 
945 949 950 952 89 125 260 395 431 566 602 737 872 908 1042 1123 
945 948 951 953 86 122 257 392 428 563 599 734 869 905 1041 1122 
946 948 951 952 82 118 253 388 424 559 595 730 865 901 1039 1120 
946 949 950 953 85 121 256 391 427 562 598 733 868 904 1037 1118 
947 948 950 953 84 120 255 390 426 561 597 732 867 903 1036 1117 
947 949 951 952 83 119 254 389 425 560 596 731 866 902 1038 1119 
955 956 957 958 27 171 216 360 405 549 594 738 882 927 1071 1170 
954 956 959 960 34 178 223 367 412 556 601 745 889 934 1076 1175 
954 955 961 962 33 177 222 366 411 555 600 744 888 933 1079 1178 
954 958 959 961 35 179 224 368 413 557 602 746 890 935 1078 1177 
954 957 960 962 32 176 221 365 410 554 599 743 887 932 1077 1176 
955 957 960 961 28 172 217 361 406 550 595 739 883 928 1075 1174 
955 958 959 962 31 175 220 364 409 553 598 742 886 931 1073 1172 
956 957 959 962 30 174 219 363 408 552 597 741 885 930 1072 1171 
956 958 960 961 29 173 218 362 407 551 596 740 884 929 1074 1173 
964 965 966 967 36 162 288 315 441 567 594 720 846 972 999 1125 
963 965 968 969 43 169 295 322 448 574 601 727 853 977 1004 1130 
963 964 970 971 42 168 294 321 447 573 600 726 852 980 1007 1133 
963 967 968 970 44 170 296 323 449 575 602 728 854 979 1006 1132 
963 966 969 971 41 167 293 320 446 572 599 725 851 978 1005 1131 
964 966 969 970 37 163 289 316 442 568 595 721 847 976 1003 1129 
964 967 968 971 40 166 292 319 445 571 598 724 850 974 1001 1127 
965 966 968 971 39 165 291 318 444 570 597 723 849 973 1000 1126 
965 967 969 970 38 164 290 317 443 569 596 722 848 975 1002 1128 
973 974 975 976 54 144 234 324 414 504 594 783 873 963 1053 1179 
972 974 977 978 61 151 241 331 421 511 601 790 880 970 1058 1184 
972 973 979 980 60 150 240 330 420 510 600 789 879 969 1061 1187 
972 976 977 979 62 152 242 332 422 512 602 791 881 971 1060 1186 
972 975 978 980 59 149 239 329 419 509 599 788 878 968 1059 1185 
973 975 978 979 55 145 235 325 415 505 595 784 874 964 1057 1183 
973 976 977 980 58 148 238 328 418 508 598 787 877 967 1055 1181 
974 975 977 980 57 147 237 327 417 507 597 786 876 966 1054 1180 
974 976 978 979 56 146 236 326 416 506 596 785 875 965 1056 1182 
982 983 984 985 9 189 270 351 432 513 594 774 855 936 1017 1134 
981 983 986 987 16 196 277 358 439 520 601 781 862 943 1022 1139 
981 982 988 989 15 195 276 357 438 519 600 780 861 942 1025 1142 
981 985 986 988 17 197 278 359 440 521 602 782 863 944 1024 1141 
981 984 987 989 14 194 275 356 437 518 599 779 860 941 1023 1140 
982 984 987 988 10 190 271 352 433 514 595 775 856 937 1021 1138 
982 985 986 989 13 193 274 355 436 517 598 778 859 940 1019 1136 
983 984 986 989 12 192 273 354 435 516 597 777 858 939 1018 1135 
983 985 987 988 11 191 272 353 434 515 596 776 857 938 1020 1137 
991 992 993 994 99 108 117 126 135 144 153 162 171 180 189 1089 
990 992 995 996 106 115 124 133 142 151 160 169 178 187 196 1094 
990 991 997 998 105 114 123 132 141 150 159 168 177 186 195 1097 
990 994 995 997 107 116 125 134 143 152 161 170 179 188 197 1096 
990 993 996 998 104 113 122 131 140 149 158 167 176 185 194 1095 
991 993 996 997 100 109 118 127 136 145 154 163 172 181 190 1093 
991 994 995 998 103 112 121 130 139 148 157 166 175 184 193 1091 
992 993 995 998 102 111 120 129 138 147 156 165 174 183 192 1090 
992 994 996 997 101 110 119 128 137 146 155 164 173 182 191 1092 
1000 1001 1002 1003 90 99 207 315 423 531 639 747 855 963 1071 1098 
999 1001 1004 1005 97 106 214 322 430 538 646 754 862 970 1076 1103 
999 1000 1006 1007 96 105 213 321 429 537 645 753 861 969 1079 1106 
999 1003 1004 1006 98 107 215 323 431 539 647 755 863 971 1078 1105 
999 1002 1005 1007 95 104 212 320 428 536 644 752 860 968 1077 1104 
1000 1002 1005 1006 91 100 208 316 424 532 640 748 856 964 1075 1102 
1000 1003 1004 1007 94 103 211 319 427 535 643 751 859 967 1073 1100 
1001 1002 1004 1007 93 102 210 318 426 534 642 750 858 966 1072 1099 
1001 1003 1005 1006 92 101 209 317 425 533 641 749 857 965 1074 1101 
1009 1010 1011 1012 45 99 252 306 459 513 666 720 873 927 1080 1107 
1008 1010 1013 1014 52 106 259 313 466 520 673 727 880 934 1085 1112 
1008 1009 1015 1016 51 105 258 312 465 519 672 726 879 933 1088 1115 
1008 1012 1013 1015 53 107 260 314 467 521 674 728 881 935 1087 1114 
1008 1011 1014 1016 50 104 257 311 464 518 671 725 878 932 1086 1113 
1009 1011 1014 1015 46 100 253 307 460 514 667 721 874 928 1084 1111 
1009 1012 1013 1016 49 103 256 310 463 517 670 724 877 931 1082 1109 
1010 1011 1013 1016 48 102 255 309 462 516 669 723 876 930 1081 1108 
1010 1012 1014 1015 47 101 254 308 461 515 668 722 875 929 1083 1110 
1018 1019 1020 1021 63 99 234 369 405 540 675 711 846 981 1116 
1017 1019 1022 1023 70 106 241 376 412 547 682 718 853 988 1121 
1017 1018 1024 1025 69 105 240 375 411 546 681 717 852 987 1124 
1017 1021 1022 1024 71 107 242 377 413 548 683 719 854 989 1123 
1017 1020 1023 1025 68 104 239 374 410 545 680 716 851 986 1122 
1018 1020 1023 1024 64 100 235 370 406 541 676 712 847 982 1120 
1018 1021 1022 1025 67 103 238 373 409 544 679 715 850 985 1118 
1019 1020 1022 1025 66 102 237 372 408 543 678 714 849 984 1117 
1019 1021 1023 1024 65 101 236 371 407 542 677 713 848 983 1119 
1027 1028 1029 1030 72 99 225 351 477 504 630 756 882 909 1035 1125 
1026 1028 1031 1032 79 106 232 358 484 511 637 763 889 916 1040 1130 
1026 1027 1033 1034 78 105 231 357 483 510 636 762 888 915 1043 1133 
1026 1030 1031 1033 80 107 233 359 485 512 638 764 890 917 1042 1132 
1026 1029 1032 1034 77 104 230 356 482 509 635 761 887 914 1041 1131 
1027 1029 1032 1033 73 100 226 352 478 505 631 757 883 910 1039 1129 
1027 1030 1031 1034 76 103 229 355 481 508 634 760 886 913 1037 1127 
1028 1029 1031 1034 75 102 228 354 480 507 633 759 885 912 1036 1126 
1028 1030 1032 1033 74 101 227 353 479 506 632 758 884 911 1038 1128 
1036 1037 1038 1039 18 99 279 360 441 522 603 783 864 945 1026 1134 
1035 1037 1040 1041 25 106 286 367 448 529 610 790 871 952 1033 1139 
1035 1036 1042 1043 24 105 285 366 447 528 609 789 870 951 1032 1142 
1035 1039 1040 1042 26 107 287 368 449 530 611 791 872 953 1034 1141 
1035 1038 1041 1043 23 104 284 365 446 527 608 788 869 950 1031 1140 
1036 1038 1041 1042 19 100 280 361 442 523 604 784 865 946 1027 1138 
1036 1039 1040 1043 22 103 283 364 445 526 607 787 868 949 1030 1136 
1037 1038 1040 1043 21 102 282 363 444 525 606 786 867 948 1029 1135 
1037 1039 1041 1042 20 101 281 362 443 524 605 785 866 947 1028 1137 
1045 1046 1047 1048 81 99 216 333 450 567 684 702 819 936 1053 1143 
1044 1046 1049 1050 88 106 223 340 457 574 691 709 826 943 1058 1148 
1044 1045 1051 1052 87 105 222 339 456 573 690 708 825 942 1061 1151 
1044 1048 1049 1051 89 107 224 341 458 575 692 710 827 944 1060 1150 
1044 1047 1050 1052 86 104 221 338 455 572 689 707 824 941 1059 1149 
1045 1047 1050 1051 82 100 217 334 451 568 685 703 820 937 1057 1147 
1045 1048 1049 1052 85 103 220 337 454 571 688 706 823 940 1055 1145 
1046 1047 1049 1052 84 102 219 336 453 570 687 705 822 939 1054 1144 
1046 1048 1050 1051 83 101 218 335 452 569 686 704 821 938 1056 1146 
1054 1055 1056 1057 27 99 270 342 414 585 657 729 801 972 1044 1152 
1053 1055 1058 1059 34 106 277 349 421 592 664 736 808 979 1051 1157 
1053 1054 1060 1061 33 105 276 348 420 591 663 735 807 978 1050 1160 
1053 1057 1058 1060 35 107 278 350 422 593 665 737 809 980 1052 1159 
1053 1056 1059 1061 32 104 275 347 419 590 662 734 806 977 1049 1158 
1054 1056 1059 1060 28 100 271 343 415 586 658 730 802 973 1045 1156 
1054 1057 1058 1061 31 103 274 346 418 589 661 733 805 976 1048 1154 
1055 1056 1058 1061 30 102 273 345 417 588 660 732 804 975 1047 1153 
1055 1057 1059 1060 29 101 272 344 416 587 659 731 803 974 1046 1155 
1063 1064 1065 1066 36 99 261 324 486 549 612 774 837 900 1161 
1062 1064 1067 1068 43 106 268 331 493 556 619 781 844 907 1166 
1062 1063 1069 1070 42 105 267 330 492 555 618 780 843 906 1169 
1062 1066 1067 1069 44 107 269 332 494 557 620 782 845 908 1168 
1062 1065 1068 1070 41 104 266 329 491 554 617 779 842 905 1167 
1063 1065 1068 1069 37 100 262 325 487 550 613 775 838 901 1165 
1063 1066 1067 1070 40 103 265 328 490 553 616 778 841 904 1163 
1064 1065 1067 1070 39 102 264 327 489 552 615 777 840 903 1162 
1064 1066 1068 1069 38 101 263 326 488 551 614 776 839 902 1164 
1072 1073 1074 1075 54 99 243 387 432 576 621 765 810 954 999 1170 
1071 1073 1076 1077 61 106 250 394 439 583 628 772 817 961 1006 1175 
1071 1072 1078 1079 60 105 249 393 438 582 627 771 816 960 1005 1178 
1071 1075 1076 1078 62 107 251 395 440 584 629 773 818 962 1007 1177 
1071 1074 1077 1079 59 104 248 392 437 581 626 770 815 959 1004 1176 
1072 1074 1077 1078 55 100 244 388 433 577 622 766 811 955 1000 1174 
1072 1075 1076 1079 58 103 247 391 436 580 625 769 814 958 1003 1172 
1073 1074 1076 1079 57 102 246 390 435 579 624 768 813 957 1002 1171 
1073 1075 1077 1078 56 101 245 389 434 578 623 767 812 956 1001 1173 
1081 1082 1083 1084 9 99 288 378 468 558 648 738 828 918 1008 1179 
1080 1082 1085 1086 16 106 295 385 475 565 655 745 835 925 1015 1184 
1080 1081 1087 1088 15 105 294 384 474 564 654 744 834 924 1014 1187 
1080 1084 1085 1087 17 107 296 386 476 566 656 746 836 926 1016 1186 
1080 1083 1086 1088 14 104 293 383 473 563 653 743 833 923 1013 1185 
1081 1083 1086 1087 10 100 289 379 469 559 649 739 829 919 1009 1183 
1081 1084 1085 1088 13 103 292 382 472 562 652 742 832 922 1012 1181 
1082 1083 1085 1088 12 102 291 381 471 561 651 741 831 921 1011 1180 
1082 1084 1086 1087 11 101 290 380 470 560 650 740 830 920 1010 1182 
1090 1091 1092 1093 0 99 198 297 396 495 594 693 792 891 990 1188 
1089 1091 1094 1095 7 106 205 304 403 502 601 700 799 898 997 1193 
1089 1090 1096 1097 6 105 204 303 402 501 600 699 798 897 996 1196 
1089 1093 1094 1096 8 107 206 305 404 503 602 701 800 899 998 1195 
1089 1092 1095 1097 5 104 203 302 401 500 599 698 797 896 995 1194 
1090 1092 1095 1096 1 100 199 298 397 496 595 694 793 892 991 1192 
1090 1093 1094 1097 4 103 202 301 400 499 598 697 796 895 994 1190 
1091 1092 1094 1097 3 102 201 300 399 498 597 696 795 894 993 1189 
1091 1093 1095 1096 2 101 200 299 398 497 596 695 794 893 992 1191 
1099 1100 1101 1102 0 189 279 369 459 549 639 729 819 909 999 1179 
1098 1100 1103 1104 7 196 286 376 466 556 646 736 826 916 1006 1184 
1098 1099 1105 1106 6 195 285 375 465 555 645 735 825 915 1005 1187 
1098 1102 1103 1105 8 197 287 377 467 557 647 737 827 917 1007 1186 
1098 1101 1104 1106 5 194 284 374 464 554 644 734 824 914 1004 1185 
1099 1101 1104 1105 1 190 280 370 460 550 640 730 820 910 1000 1183 
1099 1102 1103 1106 4 193 283 373 463 553 643 733 823 913 1003 1181 
1100 1101 1103 1106 3 192 282 372 462 552 642 732 822 912 1002 1180 
1100 1102 1104 1105 2 191 281 371 461 551 641 731 821 911 1001 1182 
1108 1109 1110 1111 0 180 261 342 423 504 684 765 846 927 1008 1134 
1107 1109 1112 1113 7 187 268 349 430 511 691 772 853 934 1015 1139 
1107 1108 1114 1115 6 186 267 348 429 510 690 771 852 933 1014 1142 
1107 1111 1112 1114 8 188 269 350 431 512 692 773 854 935 1016 1141 
1107 1110 1113 1115 5 185 266 347 428 509 689 770 851 932 1013 1140 
1108 1110 1113 1114 1 181 262 343 424 505 685 766 847 928 1009 1138 
1108 1111 1112 1115 4 184 265 346 427 508 688 769 850 931 1012 1136 
1109 1110 1112 1115 3 183 264 345 426 507 687 768 849 930 1011 1135 
1109 1111 1113 1114 2 182 263 344 425 506 686 767 848 929 1010 1137 
1117 1118 1119 1120 0 171 243 315 486 558 630 702 873 945 1017 1152 
1116 1118 1121 1122 7 178 250 322 493 565 637 709 880 952 1024 1157 
1116 1117 1123 1124 6 177 249 321 492 564 636 708 879 951 1023 1160 
1116 1120 1121 1123 8 179 251 323 494 566 638 710 881 953 1025 1159 
1116 1119 1122 1124 5 176 248 320 491 563 635 707 878 950 1022 1158 
1117 1119 1122 1123 1 172 244 316 487 559 631 703 874 946 1018 1156 
1117 1120 1121 1124 4 175 247 319 490 562 634 706 877 949 1021 1154 
1118 1119 1121 1124 3 174 246 318 489 561 633 705 876 948 1020 1153 
1118 1120 1122 1123 2 173 245 317 488 560 632 704 875 947 1019 1155 
1126 1127 1128 1129 0 162 225 387 450 513 675 738 801 963 1026 1161 
1125 1127 1130 1131 7 169 232 394 457 520 682 745 808 970 1033 1166 
1125 1126 1132 1133 6 168 231 393 456 519 681 744 807 969 1032 1169 
1125 1129 1130 1132 8 170 233 395 458 521 683 746 809 971 1034 1168 
1125 1128 1131 1133 5 167 230 392 455 518 680 743 806 968 1031 1167 
1126 1128 1131 1132 1 163 226 388 451 514 676 739 802 964 1027 1165 
1126 1129 1130 1133 4 166 229 391 454 517 679 742 805 967 1030 1163 
1127 1128 1130 1133 3 165 228 390 453 516 678 741 804 966 1029 1162 
1127 1129 1131 1132 2 164 227 389 452 515 677 740 803 965 1028 1164 
1135 1136 1137 1138 0 153 207 360 414 567 621 774 828 981 1035 1107 
1134 1136 1139 1140 7 160 214 367 421 574 628 781 835 988 1042 1114 
1134 1135 1141 1142 6 159 213 366 420 573 627 780 834 987 1041 1113 
1134 1138 1139 1141 8 161 215 368 422 575 629 782 836 989 1043 1115 
1134 1137 1140 1142 5 158 212 365 419 572 626 779 833 986 1040 1112 
1135 1137 1140 1141 1 154 208 361 415 568 622 775 829 982 1036 1108 
1135 1138 1139 1142 4 157 211 364 418 571 625 778 832 985 1039 1111 
1136 1137 1139 1142 3 156 210 363 417 570 624 777 831 984 1038 1110 
1136 1138 1140 1141 2 155 209 362 416 569 623 776 830 983 1037 1109 
1144 1145 1146 1147 0 144 288 333 477 522 666 711 855 900 1044 1170 
1143 1145 1148 1149 7 151 295 340 484 529 673 718 862 907 1051 1175 
1143 1144 1150 1151 6 150 294 339 483 528 672 717 861 906 1050 1178 
1143 1147 1148 1150 8 152 296 341 485 530 674 719 863 908 1052 1177 
1143 1146 1149 1151 5 149 293 338 482 527 671 716 860 905 1049 1176 
1144 1146 1149 1150 1 145 289 334 478 523 667 712 856 901 1045 1174 
1144 1147 1148 1151 4 148 292 337 481 526 670 715 859 904 1048 1172 
1145 1146 1148 1151 3 147 291 336 480 525 669 714 858 903 1047 1171 
1145 1147 1149 1150 2 146 290 335 479 524 668 713 857 902 1046 1173 
1153 1154 1155 1156 0 135 270 306 441 576 612 747 882 918 1053 1116 
1152 1154 1157 1158 7 142 277 313 448 583 619 754 889 925 1060 1123 
1152 1153 1159 1160 6 141 276 312 447 582 618 753 888 924 1059 1122 
1152 1156 1157 1159 8 143 278 314 449 584 620 755 890 926 1061 1124 
1152 1155 1158 1160 5 140 275 311 446 581 617 752 887 923 1058 1121 
1153 1155 1158 1159 1 136 271 307 442 577 613 748 883 919 1054 1117 
1153 1156 1157 1160 4 139 274 310 445 580 616 751 886 922 1057 1120 
1154 1155 1157 1160 3 138 273 309 444 579 615 750 885 921 1056 1119 
1154 1156 1158 1159 2 137 272 308 443 578 614 749 884 920 1055 1118 
1162 1163 1164 1165 0 126 252 378 405 531 657 783 810 936 1062 1125 
1161 1163 1166 1167 7 133 259 385 412 538 664 790 817 943 1069 1132 
1161 1162 1168 1169 6 132 258 384 411 537 663 789 816 942 1068 1131 
1161 1165 1166 1168 8 134 260 386 413 539 665 791 818 944 1070 1133 
1161 1164 1167 1169 5 131 257 383 410 536 662 788 815 941 1067 1130 
1162 1164 1167 1168 1 127 253 379 406 532 658 784 811 937 1063 1126 
1162 1165 1166 1169 4 130 256 382 409 535 661 787 814 940 1066 1129 
1163 1164 1166 1169 3 129 255 381 408 534 660 786 813 939 1065 1128 
1163 1165 1167 1168 2 128 254 380 407 533 659 785 812 938 1064 1127 
1171 1172 1173 1174 0 117 234 351 468 585 603 720 837 954 1071 1143 
1170 1172 1175 1176 7 124 241 358 475 592 610 727 844 961 1078 1150 
1170 1171 1177 1178 6 123 240 357 474 591 609 726 843 960 1077 1149 
1170 1174 1175 1177 8 125 242 359 476 593 611 728 845 962 1079 1151 
1170 1173 1176 1178 5 122 239 356 473 590 608 725 842 959 1076 1148 
1171 1173 1176 1177 1 118 235 352 469 586 604 721 838 955 1072 1144 
1171 1174 1175 1178 4 121 238 355 472 589 607 724 841 958 1075 1147 
1172 1173 1175 1178 3 120 237 354 471 588 606 723 840 957 1074 1146 
1172 1174 1176 1177 2 119 236 353 470 587 605 722 839 956 1073 1145 
1180 1181 1182 1183 0 108 216 324 432 540 648 756 864 972 1080 1098 
1179 1181 1184 1185 7 115 223 331 439 547 655 763 871 979 1087 1105 
1179 1180 1186 1187 6 114 222 330 438 546 654 762 870 978 1086 1104 
1179 1183 1184 1186 8 116 224 332 440 548 656 764 872 980 1088 1106 
1179 1182 1185 1187 5 113 221 329 437 545 653 761 869 977 1085 1103 
1180 1182 1185 1186 1 109 217 325 433 541 649 757 865 973 1081 1099 
1180 1183 1184 1187 4 112 220 328 436 544 652 760 868 976 1084 1102 
1181 1182 1184 1187 3 111 219 327 435 543 651 759 867 975 1083 1101 
1181 1183 1185 1186 2 110 218 326 434 542 650 758 866 974 1082 1100 
1189 1190 1191 1192 0 9 18 27 36 45 54 63 72 81 90 1089 
1188 1190 1193 1194 7 16 25 34 43 52 61 70 79 88 97 1096 
1188 1189 1195 1196 6 15 24 33 42 51 60 69 78 87 96 1095 
1188 1192 1193 1195 8 17 26 35 44 53 62 71 80 89 98 1097 
1188 1191 1194 1196 5 14 23 32 41 50 59 68 77 86 95 1094 
1189 1191 1194 1195 1 10 19 28 37 46 55 64 73 82 91 1090 
1189 1192 1193 1196 4 13 22 31 40 49 58 67 76 85 94 1093 
1190 1191 1193 1196 3 12 21 30 39 48 57 66 75 84 93 1092 
1190 1192 1194 1195 2 11 20 29 38 47 56 65 74 83 92 1091 
