1330 10640
7 1 2 8 1214 1224 1234 1244 1254 1264 1274 1284 1294 1304 1314 1324 
0 4 6 8 1215 1225 1235 1245 1255 1265 1275 1285 1295 1305 1315 1325 
0 4 3 9 1216 1226 1236 1246 1256 1266 1276 1286 1296 1306 1316 1326 
2 5 6 9 1217 1227 1237 1247 1257 1267 1277 1287 1297 1307 1317 1327 
1 2 7 8 1210 1220 1230 1240 1250 1260 1270 1280 1290 1300 1310 1320 
3 6 7 8 1211 1221 1231 1241 1251 1261 1271 1281 1291 1301 1311 1321 
1 3 5 9 1212 1222 1232 1242 1252 1262 1272 1282 1292 1302 1312 1322 
0 4 5 9 1213 1223 1233 1243 1253 1263 1273 1283 1293 1303 1313 1323 
0 1 4 5 1219 1229 1239 1249 1259 1269 1279 1289 1299 1309 1319 1329 
2 3 6 7 1218 1228 1238 1248 1258 1268 1278 1288 1298 1308 1318 1328 
17 11 12 18 104 214 324 434 544 654 764 874 984 1094 1204 1324 
10 14 16 18 105 215 325 435 545 655 765 875 985 1095 1205 1325 
10 14 13 19 106 216 326 436 546 656 766 876 986 1096 1206 1326 
12 15 16 19 107 217 327 437 547 657 767 877 987 1097 1207 1327 
11 12 17 18 100 210 320 430 540 650 760 870 980 1090 1200 1320 
13 16 17 18 101 211 321 431 541 651 761 871 981 1091 1201 1321 
11 13 15 19 102 212 322 432 542 652 762 872 982 1092 1202 1322 
10 14 15 19 103 213 323 433 543 653 763 873 983 1093 1203 1323 
10 11 14 15 109 219 329 439 549 659 769 879 989 1099 1209 1329 
12 13 16 17 108 218 328 438 548 658 768 878 988 1098 1208 1328 
27 21 22 28 54 164 274 384 494 604 714 824 934 1044 1154 1324 
20 24 26 28 55 165 275 385 495 605 715 825 935 1045 1155 1325 
20 24 23 29 56 166 276 386 496 606 716 826 936 1046 1156 1326 
22 25 26 29 57 167 277 387 497 607 717 827 937 1047 1157 1327 
21 22 27 28 50 160 270 380 490 600 710 820 930 1040 1150 1320 
23 26 27 28 51 161 271 381 491 601 711 821 931 1041 1151 1321 
21 23 25 29 52 162 272 382 492 602 712 822 932 1042 1152 1322 
20 24 25 29 53 163 273 383 493 603 713 823 933 1043 1153 1323 
20 21 24 25 59 169 279 389 499 609 719 829 939 1049 1159 1329 
22 23 26 27 58 168 278 388 498 608 718 828 938 1048 1158 1328 
37 31 32 38 74 184 294 404 514 624 734 844 954 1064 1174 1324 
30 34 36 38 75 185 295 405 515 625 735 845 955 1065 1175 1325 
30 34 33 39 76 186 296 406 516 626 736 846 956 1066 1176 1326 
32 35 36 39 77 187 297 407 517 627 737 847 957 1067 1177 1327 
31 32 37 38 70 180 290 400 510 620 730 840 950 1060 1170 1320 
33 36 37 38 71 181 291 401 511 621 731 841 951 1061 1171 1321 
31 33 35 39 72 182 292 402 512 622 732 842 952 1062 1172 1322 
30 34 35 39 73 183 293 403 513 623 733 843 953 1063 1173 1323 
30 31 34 35 79 189 299 409 519 629 739 849 959 1069 1179 1329 
32 33 36 37 78 188 298 408 518 628 738 848 958 1068 1178 1328 
47 41 42 48 84 194 304 414 524 634 744 854 964 1074 1184 1324 
40 44 46 48 85 195 305 415 525 635 745 855 965 1075 1185 1325 
40 44 43 49 86 196 306 416 526 636 746 856 966 1076 1186 1326 
42 45 46 49 87 197 307 417 527 637 747 857 967 1077 1187 1327 
41 42 47 48 80 190 300 410 520 630 740 850 960 1070 1180 1320 
43 46 47 48 81 191 301 411 521 631 741 851 961 1071 1181 1321 
41 43 45 49 82 192 302 412 522 632 742 852 962 1072 1182 1322 
40 44 45 49 83 193 303 413 523 633 743 853 963 1073 1183 1323 
40 41 44 45 89 199 309 419 529 639 749 859 969 1079 1189 1329 
42 43 46 47 88 198 308 418 528 638 748 858 968 1078 1188 1328 
57 51 52 58 24 134 244 354 464 574 684 794 904 1014 1124 1324 
50 54 56 58 25 135 245 355 465 575 685 795 905 1015 1125 1325 
50 54 53 59 26 136 246 356 466 576 686 796 906 1016 1126 1326 
52 55 56 59 27 137 247 357 467 577 687 797 907 1017 1127 1327 
51 52 57 58 20 130 240 350 460 570 680 790 900 1010 1120 1320 
53 56 57 58 21 131 241 351 461 571 681 791 901 1011 1121 1321 
51 53 55 59 22 132 242 352 462 572 682 792 902 1012 1122 1322 
50 54 55 59 23 133 243 353 463 573 683 793 903 1013 1123 1323 
50 51 54 55 29 139 249 359 469 579 689 799 909 1019 1129 1329 
52 53 56 57 28 138 248 358 468 578 688 798 908 1018 1128 1328 
67 61 62 68 94 204 314 424 534 644 754 864 974 1084 1194 1324 
60 64 66 68 95 205 315 425 535 645 755 865 975 1085 1195 1325 
60 64 63 69 96 206 316 426 536 646 756 866 976 1086 1196 1326 
62 65 66 69 97 207 317 427 537 647 757 867 977 1087 1197 1327 
61 62 67 68 90 200 310 420 530 640 750 860 970 1080 1190 1320 
63 66 67 68 91 201 311 421 531 641 751 861 971 1081 1191 1321 
61 63 65 69 92 202 312 422 532 642 752 862 972 1082 1192 1322 
60 64 65 69 93 203 313 423 533 643 753 863 973 1083 1193 1323 
60 61 64 65 99 209 319 429 539 649 759 869 979 1089 1199 1329 
62 63 66 67 98 208 318 428 538 648 758 868 978 1088 1198 1328 
77 71 72 78 34 144 254 364 474 584 694 804 914 1024 1134 1324 
70 74 76 78 35 145 255 365 475 585 695 805 915 1025 1135 1325 
70 74 73 79 36 146 256 366 476 586 696 806 916 1026 1136 1326 
72 75 76 79 37 147 257 367 477 587 697 807 917 1027 1137 1327 
71 72 77 78 30 140 250 360 470 580 690 800 910 1020 1130 1320 
73 76 77 78 31 141 251 361 471 581 691 801 911 1021 1131 1321 
71 73 75 79 32 142 252 362 472 582 692 802 912 1022 1132 1322 
70 74 75 79 33 143 253 363 473 583 693 803 913 1023 1133 1323 
70 71 74 75 39 149 259 369 479 589 699 809 919 1029 1139 1329 
72 73 76 77 38 148 258 368 478 588 698 808 918 1028 1138 1328 
87 81 82 88 44 154 264 374 484 594 704 814 924 1034 1144 1324 
80 84 86 88 45 155 265 375 485 595 705 815 925 1035 1145 1325 
80 84 83 89 46 156 266 376 486 596 706 816 926 1036 1146 1326 
82 85 86 89 47 157 267 377 487 597 707 817 927 1037 1147 1327 
81 82 87 88 40 150 260 370 480 590 700 810 920 1030 1140 1320 
83 86 87 88 41 151 261 371 481 591 701 811 921 1031 1141 1321 
81 83 85 89 42 152 262 372 482 592 702 812 922 1032 1142 1322 
80 84 85 89 43 153 263 373 483 593 703 813 923 1033 1143 1323 
80 81 84 85 49 159 269 379 489 599 709 819 929 1039 1149 1329 
82 83 86 87 48 158 268 378 488 598 708 818 928 1038 1148 1328 
97 91 92 98 64 174 284 394 504 614 724 834 944 1054 1164 1324 
90 94 96 98 65 175 285 395 505 615 725 835 945 1055 1165 1325 
90 94 93 99 66 176 286 396 506 616 726 836 946 1056 1166 1326 
92 95 96 99 67 177 287 397 507 617 727 837 947 1057 1167 1327 
91 92 97 98 60 170 280 390 500 610 720 830 940 1050 1160 1320 
93 96 97 98 61 171 281 391 501 611 721 831 941 1051 1161 1321 
91 93 95 99 62 172 282 392 502 612 722 832 942 1052 1162 1322 
90 94 95 99 63 173 283 393 503 613 723 833 943 1053 1163 1323 
90 91 94 95 69 179 289 399 509 619 729 839 949 1059 1169 1329 
92 93 96 97 68 178 288 398 508 618 728 838 948 1058 1168 1328 
107 101 102 108 14 124 234 344 454 564 674 784 894 1004 1114 1324 
100 104 106 108 15 125 235 345 455 565 675 785 895 1005 1115 1325 
100 104 103 109 16 126 236 346 456 566 676 786 896 1006 1116 1326 
102 105 106 109 17 127 237 347 457 567 677 787 897 1007 1117 1327 
101 102 107 108 10 120 230 340 450 560 670 780 890 1000 1110 1320 
103 106 107 108 11 121 231 341 451 561 671 781 891 1001 1111 1321 
101 103 105 109 12 122 232 342 452 562 672 782 892 1002 1112 1322 
100 104 105 109 13 123 233 343 453 563 673 783 893 1003 1113 1323 
100 101 104 105 19 129 239 349 459 569 679 789 899 1009 1119 1329 
102 103 106 107 18 128 238 348 458 568 678 788 898 1008 1118 1328 
117 111 112 118 1104 1114 1124 1134 1144 1154 1164 1174 1184 1194 1204 1214 
110 114 116 118 1105 1115 1125 1135 1145 1155 1165 1175 1185 1195 1205 1215 
110 114 113 119 1106 1116 1126 1136 1146 1156 1166 1176 1186 1196 1206 1216 
112 115 116 119 1107 1117 1127 1137 1147 1157 1167 1177 1187 1197 1207 1217 
111 112 117 118 1100 1110 1120 1130 1140 1150 1160 1170 1180 1190 1200 1210 
113 116 117 118 1101 1111 1121 1131 1141 1151 1161 1171 1181 1191 1201 1211 
111 113 115 119 1102 1112 1122 1132 1142 1152 1162 1172 1182 1192 1202 1212 
110 114 115 119 1103 1113 1123 1133 1143 1153 1163 1173 1183 1193 1203 1213 
110 111 114 115 1109 1119 1129 1139 1149 1159 1169 1179 1189 1199 1209 1219 
112 113 116 117 1108 1118 1128 1138 1148 1158 1168 1178 1188 1198 1208 1218 
127 121 122 128 104 204 304 404 504 604 704 804 904 1004 1104 1314 
120 124 126 128 105 205 305 405 505 605 705 805 905 1005 1105 1315 
120 124 123 129 106 206 306 406 506 606 706 806 906 1006 1106 1316 
122 125 126 129 107 207 307 407 507 607 707 807 907 1007 1107 1317 
121 122 127 128 100 200 300 400 500 600 700 800 900 1000 1100 1310 
123 126 127 128 101 201 301 401 501 601 701 801 901 1001 1101 1311 
121 123 125 129 102 202 302 402 502 602 702 802 902 1002 1102 1312 
120 124 125 129 103 203 303 403 503 603 703 803 903 1003 1103 1313 
120 121 124 125 109 209 309 409 509 609 709 809 909 1009 1109 1319 
122 123 126 127 108 208 308 408 508 608 708 808 908 1008 1108 1318 
137 131 132 138 54 214 264 424 474 634 684 844 894 1054 1104 1304 
130 134 136 138 55 215 265 425 475 635 685 845 895 1055 1105 1305 
130 134 133 139 56 216 266 426 476 636 686 846 896 1056 1106 1306 
132 135 136 139 57 217 267 427 477 637 687 847 897 1057 1107 1307 
131 132 137 138 50 210 260 420 470 630 680 840 890 1050 1100 1300 
133 136 137 138 51 211 261 421 471 631 681 841 891 1051 1101 1301 
131 133 135 139 52 212 262 422 472 632 682 842 892 1052 1102 1302 
130 134 135 139 53 213 263 423 473 633 683 843 893 1053 1103 1303 
130 131 134 135 59 219 269 429 479 639 689 849 899 1059 1109 1309 
132 133 136 137 58 218 268 428 478 638 688 848 898 1058 1108 1308 
147 141 142 148 74 324 394 464 644 714 784 964 1034 1104 1294 144 
140 144 146 148 75 325 395 465 645 715 785 965 1035 1105 1295 145 
140 144 143 149 76 326 396 466 646 716 786 966 1036 1106 1296 146 
142 145 146 149 77 327 397 467 647 717 787 967 1037 1107 1297 147 
141 142 147 148 70 320 390 460 640 710 780 960 1030 1100 1290 140 
143 146 147 148 71 321 391 461 641 711 781 961 1031 1101 1291 141 
141 143 145 149 72 322 392 462 642 712 782 962 1032 1102 1292 142 
140 144 145 149 73 323 393 463 643 713 783 963 1033 1103 1293 143 
140 141 144 145 79 329 399 469 649 719 789 969 1039 1109 1299 149 
142 143 146 147 78 328 398 468 648 718 788 968 1038 1108 1298 148 
157 151 152 158 84 164 244 434 514 594 674 864 944 1024 1104 1284 
150 154 156 158 85 165 245 435 515 595 675 865 945 1025 1105 1285 
150 154 153 159 86 166 246 436 516 596 676 866 946 1026 1106 1286 
152 155 156 159 87 167 247 437 517 597 677 867 947 1027 1107 1287 
151 152 157 158 80 160 240 430 510 590 670 860 940 1020 1100 1280 
153 156 157 158 81 161 241 431 511 591 671 861 941 1021 1101 1281 
151 153 155 159 82 162 242 432 512 592 672 862 942 1022 1102 1282 
150 154 155 159 83 163 243 433 513 593 673 863 943 1023 1103 1283 
150 151 154 155 89 169 249 439 519 599 679 869 949 1029 1109 1289 
152 153 156 157 88 168 248 438 518 598 678 868 948 1028 1108 1288 
167 161 162 168 24 154 284 414 544 564 694 824 954 1084 1104 1274 
160 164 166 168 25 155 285 415 545 565 695 825 955 1085 1105 1275 
160 164 163 169 26 156 286 416 546 566 696 826 956 1086 1106 1276 
162 165 166 169 27 157 287 417 547 567 697 827 957 1087 1107 1277 
161 162 167 168 20 150 280 410 540 560 690 820 950 1080 1100 1270 
163 166 167 168 21 151 281 411 541 561 691 821 951 1081 1101 1271 
161 163 165 169 22 152 282 412 542 562 692 822 952 1082 1102 1272 
160 164 165 169 23 153 283 413 543 563 693 823 953 1083 1103 1273 
160 161 164 165 29 159 289 419 549 569 699 829 959 1089 1109 1279 
162 163 166 167 28 158 288 418 548 568 698 828 958 1088 1108 1278 
177 171 172 178 94 184 274 364 454 654 744 834 924 1014 1104 1264 
170 174 176 178 95 185 275 365 455 655 745 835 925 1015 1105 1265 
170 174 173 179 96 186 276 366 456 656 746 836 926 1016 1106 1266 
172 175 176 179 97 187 277 367 457 657 747 837 927 1017 1107 1267 
171 172 177 178 90 180 270 360 450 650 740 830 920 1010 1100 1260 
173 176 177 178 91 181 271 361 451 651 741 831 921 1011 1101 1261 
171 173 175 179 92 182 272 362 452 652 742 832 922 1012 1102 1262 
170 174 175 179 93 183 273 363 453 653 743 833 923 1013 1103 1263 
170 171 174 175 99 189 279 369 459 659 749 839 929 1019 1109 1269 
172 173 176 177 98 188 278 368 458 658 748 838 928 1018 1108 1268 
187 181 182 188 34 174 314 344 484 624 764 794 934 1074 1104 1254 
180 184 186 188 35 175 315 345 485 625 765 795 935 1075 1105 1255 
180 184 183 189 36 176 316 346 486 626 766 796 936 1076 1106 1256 
182 185 186 189 37 177 317 347 487 627 767 797 937 1077 1107 1257 
181 182 187 188 30 170 310 340 480 620 760 790 930 1070 1100 1250 
183 186 187 188 31 171 311 341 481 621 761 791 931 1071 1101 1251 
181 183 185 189 32 172 312 342 482 622 762 792 932 1072 1102 1252 
180 184 185 189 33 173 313 343 483 623 763 793 933 1073 1103 1253 
180 181 184 185 39 179 319 349 489 629 769 799 939 1079 1109 1259 
182 183 186 187 38 178 318 348 488 628 768 798 938 1078 1108 1258 
197 191 192 198 44 234 384 534 574 724 874 914 1064 1104 1244 194 
190 194 196 198 45 235 385 535 575 725 875 915 1065 1105 1245 195 
190 194 193 199 46 236 386 536 576 726 876 916 1066 1106 1246 196 
192 195 196 199 47 237 387 537 577 727 877 917 1067 1107 1247 197 
191 192 197 198 40 230 380 530 570 720 870 910 1060 1100 1240 190 
193 196 197 198 41 231 381 531 571 721 871 911 1061 1101 1241 191 
191 193 195 199 42 232 382 532 572 722 872 912 1062 1102 1242 192 
190 194 195 199 43 233 383 533 573 723 873 913 1063 1103 1243 193 
190 191 194 195 49 239 389 539 579 729 879 919 1069 1109 1249 199 
192 193 196 197 48 238 388 538 578 728 878 918 1068 1108 1248 198 
207 201 202 208 64 124 294 354 524 584 754 814 984 1044 1104 1234 
200 204 206 208 65 125 295 355 525 585 755 815 985 1045 1105 1235 
200 204 203 209 66 126 296 356 526 586 756 816 986 1046 1106 1236 
202 205 206 209 67 127 297 357 527 587 757 817 987 1047 1107 1237 
201 202 207 208 60 120 290 350 520 580 750 810 980 1040 1100 1230 
203 206 207 208 61 121 291 351 521 581 751 811 981 1041 1101 1231 
201 203 205 209 62 122 292 352 522 582 752 812 982 1042 1102 1232 
200 204 205 209 63 123 293 353 523 583 753 813 983 1043 1103 1233 
200 201 204 205 69 129 299 359 529 589 759 819 989 1049 1109 1239 
202 203 206 207 68 128 298 358 528 588 758 818 988 1048 1108 1238 
217 211 212 218 14 134 254 374 494 614 734 854 974 1094 1104 1224 
210 214 216 218 15 135 255 375 495 615 735 855 975 1095 1105 1225 
210 214 213 219 16 136 256 376 496 616 736 856 976 1096 1106 1226 
212 215 216 219 17 137 257 377 497 617 737 857 977 1097 1107 1227 
211 212 217 218 10 130 250 370 490 610 730 850 970 1090 1100 1220 
213 216 217 218 11 131 251 371 491 611 731 851 971 1091 1101 1221 
211 213 215 219 12 132 252 372 492 612 732 852 972 1092 1102 1222 
210 214 215 219 13 133 253 373 493 613 733 853 973 1093 1103 1223 
210 211 214 215 19 139 259 379 499 619 739 859 979 1099 1109 1229 
212 213 216 217 18 138 258 378 498 618 738 858 978 1098 1108 1228 
227 221 222 228 554 564 574 584 594 604 614 624 634 644 654 1214 
220 224 226 228 555 565 575 585 595 605 615 625 635 645 655 1215 
220 224 223 229 556 566 576 586 596 606 616 626 636 646 656 1216 
222 225 226 229 557 567 577 587 597 607 617 627 637 647 657 1217 
221 222 227 228 550 560 570 580 590 600 610 620 630 640 650 1210 
223 226 227 228 551 561 571 581 591 601 611 621 631 641 651 1211 
221 223 225 229 552 562 572 582 592 602 612 622 632 642 652 1212 
220 224 225 229 553 563 573 583 593 603 613 623 633 643 653 1213 
220 221 224 225 559 569 579 589 599 609 619 629 639 649 659 1219 
222 223 226 227 558 568 578 588 598 608 618 628 638 648 658 1218 
237 231 232 238 104 194 284 374 464 554 754 844 934 1024 1114 1264 
230 234 236 238 105 195 285 375 465 555 755 845 935 1025 1115 1265 
230 234 233 239 106 196 286 376 466 556 756 846 936 1026 1116 1266 
232 235 236 239 107 197 287 377 467 557 757 847 937 1027 1117 1267 
231 232 237 238 100 190 280 370 460 550 750 840 930 1020 1110 1260 
233 236 237 238 101 191 281 371 461 551 751 841 931 1021 1111 1261 
231 233 235 239 102 192 282 372 462 552 752 842 932 1022 1112 1262 
230 234 235 239 103 193 283 373 463 553 753 843 933 1023 1113 1263 
230 231 234 235 109 199 289 379 469 559 759 849 939 1029 1119 1269 
232 233 236 237 108 198 288 378 468 558 758 848 938 1028 1118 1268 
247 241 242 248 54 154 254 354 454 554 764 864 964 1064 1164 1314 
240 244 246 248 55 155 255 355 455 555 765 865 965 1065 1165 1315 
240 244 243 249 56 156 256 356 456 556 766 866 966 1066 1166 1316 
242 245 246 249 57 157 257 357 457 557 767 867 967 1067 1167 1317 
241 242 247 248 50 150 250 350 450 550 760 860 960 1060 1160 1310 
243 246 247 248 51 151 251 351 451 551 761 861 961 1061 1161 1311 
241 243 245 249 52 152 252 352 452 552 762 862 962 1062 1162 1312 
240 244 245 249 53 153 253 353 453 553 763 863 963 1063 1163 1313 
240 241 244 245 59 159 259 359 459 559 769 869 969 1069 1169 1319 
242 243 246 247 58 158 258 358 458 558 768 868 968 1068 1168 1318 
257 251 252 258 74 214 244 384 524 554 694 834 974 1004 1144 1254 
250 254 256 258 75 215 245 385 525 555 695 835 975 1005 1145 1255 
250 254 253 259 76 216 246 386 526 556 696 836 976 1006 1146 1256 
252 255 256 259 77 217 247 387 527 557 697 837 977 1007 1147 1257 
251 252 257 258 70 210 240 380 520 550 690 830 970 1000 1140 1250 
253 256 257 258 71 211 241 381 521 551 691 831 971 1001 1141 1251 
251 253 255 259 72 212 242 382 522 552 692 832 972 1002 1142 1252 
250 254 255 259 73 213 243 383 523 553 693 833 973 1003 1143 1253 
250 251 254 255 79 219 249 389 529 559 699 839 979 1009 1149 1259 
252 253 256 257 78 218 248 388 528 558 698 838 978 1008 1148 1258 
267 261 262 268 84 134 294 344 504 554 714 874 924 1084 1134 1304 
260 264 266 268 85 135 295 345 505 555 715 875 925 1085 1135 1305 
260 264 263 269 86 136 296 346 506 556 716 876 926 1086 1136 1306 
262 265 266 269 87 137 297 347 507 557 717 877 927 1087 1137 1307 
261 262 267 268 80 130 290 340 500 550 710 870 920 1080 1130 1300 
263 266 267 268 81 131 291 341 501 551 711 871 921 1081 1131 1301 
261 263 265 269 82 132 292 342 502 552 712 872 922 1082 1132 1302 
260 264 265 269 83 133 293 343 503 553 713 873 923 1083 1133 1303 
260 261 264 265 89 139 299 349 509 559 719 879 929 1089 1139 1309 
262 263 266 267 88 138 298 348 508 558 718 878 928 1088 1138 1308 
277 271 272 278 24 174 324 364 514 554 704 854 894 1044 1194 1244 
270 274 276 278 25 175 325 365 515 555 705 855 895 1045 1195 1245 
270 274 273 279 26 176 326 366 516 556 706 856 896 1046 1196 1246 
272 275 276 279 27 177 327 367 517 557 707 857 897 1047 1197 1247 
271 272 277 278 20 170 320 360 510 550 700 850 890 1040 1190 1240 
273 276 277 278 21 171 321 361 511 551 701 851 891 1041 1191 1241 
271 273 275 279 22 172 322 362 512 552 702 852 892 1042 1192 1242 
270 274 275 279 23 173 323 363 513 553 703 853 893 1043 1193 1243 
270 271 274 275 29 179 329 369 519 559 709 859 899 1049 1199 1249 
272 273 276 277 28 178 328 368 518 558 708 858 898 1048 1198 1248 
287 281 282 288 94 164 234 414 484 554 734 804 984 1054 1124 1294 
280 284 286 288 95 165 235 415 485 555 735 805 985 1055 1125 1295 
280 284 283 289 96 166 236 416 486 556 736 806 986 1056 1126 1296 
282 285 286 289 97 167 237 417 487 557 737 807 987 1057 1127 1297 
281 282 287 288 90 160 230 410 480 550 730 800 980 1050 1120 1290 
283 286 287 288 91 161 231 411 481 551 731 801 981 1051 1121 1291 
281 283 285 289 92 162 232 412 482 552 732 802 982 1052 1122 1292 
280 284 285 289 93 163 233 413 483 553 733 803 983 1053 1123 1293 
280 281 284 285 99 169 239 419 489 559 739 809 989 1059 1129 1299 
282 283 286 287 98 168 238 418 488 558 738 808 988 1058 1128 1298 
297 291 292 298 34 204 264 434 494 554 724 784 954 1014 1184 1234 
290 294 296 298 35 205 265 435 495 555 725 785 955 1015 1185 1235 
290 294 293 299 36 206 266 436 496 556 726 786 956 1016 1186 1236 
292 295 296 299 37 207 267 437 497 557 727 787 957 1017 1187 1237 
291 292 297 298 30 200 260 430 490 550 720 780 950 1010 1180 1230 
293 296 297 298 31 201 261 431 491 551 721 781 951 1011 1181 1231 
291 293 295 299 32 202 262 432 492 552 722 782 952 1012 1182 1232 
290 294 295 299 33 203 263 433 493 553 723 783 953 1013 1183 1233 
290 291 294 295 39 209 269 439 499 559 729 789 959 1019 1189 1239 
292 293 296 297 38 208 268 438 498 558 728 788 958 1018 1188 1238 
307 301 302 308 44 124 314 394 474 554 744 824 904 1094 1174 1284 
300 304 306 308 45 125 315 395 475 555 745 825 905 1095 1175 1285 
300 304 303 309 46 126 316 396 476 556 746 826 906 1096 1176 1286 
302 305 306 309 47 127 317 397 477 557 747 827 907 1097 1177 1287 
301 302 307 308 40 120 310 390 470 550 740 820 900 1090 1170 1280 
303 306 307 308 41 121 311 391 471 551 741 821 901 1091 1171 1281 
301 303 305 309 42 122 312 392 472 552 742 822 902 1092 1172 1282 
300 304 305 309 43 123 313 393 473 553 743 823 903 1093 1173 1283 
300 301 304 305 49 129 319 399 479 559 749 829 909 1099 1179 1289 
302 303 306 307 48 128 318 398 478 558 748 828 908 1098 1178 1288 
317 311 312 318 64 184 304 424 544 554 674 794 914 1034 1154 1224 
310 314 316 318 65 185 305 425 545 555 675 795 915 1035 1155 1225 
310 314 313 319 66 186 306 426 546 556 676 796 916 1036 1156 1226 
312 315 316 319 67 187 307 427 547 557 677 797 917 1037 1157 1227 
311 312 317 318 60 180 300 420 540 550 670 790 910 1030 1150 1220 
313 316 317 318 61 181 301 421 541 551 671 791 911 1031 1151 1221 
311 313 315 319 62 182 302 422 542 552 672 792 912 1032 1152 1222 
310 314 315 319 63 183 303 423 543 553 673 793 913 1033 1153 1223 
310 311 314 315 69 189 309 429 549 559 679 799 919 1039 1159 1229 
312 313 316 317 68 188 308 428 548 558 678 798 918 1038 1158 1228 
327 321 322 328 14 144 274 404 534 554 684 814 944 1074 1204 1274 
320 324 326 328 15 145 275 405 535 555 685 815 945 1075 1205 1275 
320 324 323 329 16 146 276 406 536 556 686 816 946 1076 1206 1276 
322 325 326 329 17 147 277 407 537 557 687 817 947 1077 1207 1277 
321 322 327 328 10 140 270 400 530 550 680 810 940 1070 1200 1270 
323 326 327 328 11 141 271 401 531 551 681 811 941 1071 1201 1271 
321 323 325 329 12 142 272 402 532 552 682 812 942 1072 1202 1272 
320 324 325 329 13 143 273 403 533 553 683 813 943 1073 1203 1273 
320 321 324 325 19 149 279 409 539 559 689 819 949 1079 1209 1279 
322 323 326 327 18 148 278 408 538 558 688 818 948 1078 1208 1278 
337 331 332 338 774 784 794 804 814 824 834 844 854 864 874 1214 
330 334 336 338 775 785 795 805 815 825 835 845 855 865 875 1215 
330 334 333 339 776 786 796 806 816 826 836 846 856 866 876 1216 
332 335 336 339 777 787 797 807 817 827 837 847 857 867 877 1217 
331 332 337 338 770 780 790 800 810 820 830 840 850 860 870 1210 
333 336 337 338 771 781 791 801 811 821 831 841 851 861 871 1211 
331 333 335 339 772 782 792 802 812 822 832 842 852 862 872 1212 
330 334 335 339 773 783 793 803 813 823 833 843 853 863 873 1213 
330 331 334 335 779 789 799 809 819 829 839 849 859 869 879 1219 
332 333 336 337 778 788 798 808 818 828 838 848 858 868 878 1218 
347 341 342 348 104 184 264 534 614 694 774 964 1044 1124 1284 344 
340 344 346 348 105 185 265 535 615 695 775 965 1045 1125 1285 345 
340 344 343 349 106 186 266 536 616 696 776 966 1046 1126 1286 346 
342 345 346 349 107 187 267 537 617 697 777 967 1047 1127 1287 347 
341 342 347 348 100 180 260 530 610 690 770 960 1040 1120 1280 340 
343 346 347 348 101 181 261 531 611 691 771 961 1041 1121 1281 341 
341 343 345 349 102 182 262 532 612 692 772 962 1042 1122 1282 342 
340 344 345 349 103 183 263 533 613 693 773 963 1043 1123 1283 343 
340 341 344 345 109 189 269 539 619 699 779 969 1049 1129 1289 349 
342 343 346 347 108 188 268 538 618 698 778 968 1048 1128 1288 348 
357 351 352 358 54 204 244 394 544 584 734 774 924 1074 1114 1244 
350 354 356 358 55 205 245 395 545 585 735 775 925 1075 1115 1245 
350 354 353 359 56 206 246 396 546 586 736 776 926 1076 1116 1246 
352 355 356 359 57 207 247 397 547 587 737 777 927 1077 1117 1247 
351 352 357 358 50 200 240 390 540 580 730 770 920 1070 1110 1240 
353 356 357 358 51 201 241 391 541 581 731 771 921 1071 1111 1241 
351 353 355 359 52 202 242 392 542 582 732 772 922 1072 1112 1242 
350 354 355 359 53 203 243 393 543 583 733 773 923 1073 1113 1243 
350 351 354 355 59 209 249 399 549 589 739 779 929 1079 1119 1249 
352 353 356 357 58 208 248 398 548 588 738 778 928 1078 1118 1248 
367 361 362 368 74 174 274 374 474 574 674 774 984 1084 1184 1314 
360 364 366 368 75 175 275 375 475 575 675 775 985 1085 1185 1315 
360 364 363 369 76 176 276 376 476 576 676 776 986 1086 1186 1316 
362 365 366 369 77 177 277 377 477 577 677 777 987 1087 1187 1317 
361 362 367 368 70 170 270 370 470 570 670 770 980 1080 1180 1310 
363 366 367 368 71 171 271 371 471 571 671 771 981 1081 1181 1311 
361 363 365 369 72 172 272 372 472 572 672 772 982 1082 1182 1312 
360 364 365 369 73 173 273 373 473 573 673 773 983 1083 1183 1313 
360 361 364 365 79 179 279 379 479 579 679 779 989 1089 1189 1319 
362 363 366 367 78 178 278 378 478 578 678 778 988 1088 1188 1318 
377 371 372 378 84 214 234 364 494 624 754 774 904 1034 1164 1274 
370 374 376 378 85 215 235 365 495 625 755 775 905 1035 1165 1275 
370 374 373 379 86 216 236 366 496 626 756 776 906 1036 1166 1276 
372 375 376 379 87 217 237 367 497 627 757 777 907 1037 1167 1277 
371 372 377 378 80 210 230 360 490 620 750 770 900 1030 1160 1270 
373 376 377 378 81 211 231 361 491 621 751 771 901 1031 1161 1271 
371 373 375 379 82 212 232 362 492 622 752 772 902 1032 1162 1272 
370 374 375 379 83 213 233 363 493 623 753 773 903 1033 1163 1273 
370 371 374 375 89 219 239 369 499 629 759 779 909 1039 1169 1279 
372 373 376 377 88 218 238 368 498 628 758 778 908 1038 1168 1278 
387 381 382 388 24 194 254 424 484 654 714 774 944 1004 1174 1234 
380 384 386 388 25 195 255 425 485 655 715 775 945 1005 1175 1235 
380 384 383 389 26 196 256 426 486 656 716 776 946 1006 1176 1236 
382 385 386 389 27 197 257 427 487 657 717 777 947 1007 1177 1237 
381 382 387 388 20 190 250 420 480 650 710 770 940 1000 1170 1230 
383 386 387 388 21 191 251 421 481 651 711 771 941 1001 1171 1231 
381 383 385 389 22 192 252 422 482 652 712 772 942 1002 1172 1232 
380 384 385 389 23 193 253 423 483 653 713 773 943 1003 1173 1233 
380 381 384 385 29 199 259 429 489 659 719 779 949 1009 1179 1239 
382 383 386 387 28 198 258 428 488 658 718 778 948 1008 1178 1238 
397 391 392 398 94 144 304 354 514 564 724 774 934 1094 1144 1304 
390 394 396 398 95 145 305 355 515 565 725 775 935 1095 1145 1305 
390 394 393 399 96 146 306 356 516 566 726 776 936 1096 1146 1306 
392 395 396 399 97 147 307 357 517 567 727 777 937 1097 1147 1307 
391 392 397 398 90 140 300 350 510 560 720 770 930 1090 1140 1300 
393 396 397 398 91 141 301 351 511 561 721 771 931 1091 1141 1301 
391 393 395 399 92 142 302 352 512 562 722 772 932 1092 1142 1302 
390 394 395 399 93 143 303 353 513 563 723 773 933 1093 1143 1303 
390 391 394 395 99 149 309 359 519 569 729 779 939 1099 1149 1309 
392 393 396 397 98 148 308 358 518 568 728 778 938 1098 1148 1308 
407 401 402 408 34 124 324 414 504 594 684 774 974 1064 1154 1264 
400 404 406 408 35 125 325 415 505 595 685 775 975 1065 1155 1265 
400 404 403 409 36 126 326 416 506 596 686 776 976 1066 1156 1266 
402 405 406 409 37 127 327 417 507 597 687 777 977 1067 1157 1267 
401 402 407 408 30 120 320 410 500 590 680 770 970 1060 1150 1260 
403 406 407 408 31 121 321 411 501 591 681 771 971 1061 1151 1261 
401 403 405 409 32 122 322 412 502 592 682 772 972 1062 1152 1262 
400 404 405 409 33 123 323 413 503 593 683 773 973 1063 1153 1263 
400 401 404 405 39 129 329 419 509 599 689 779 979 1069 1159 1269 
402 403 406 407 38 128 328 418 508 598 688 778 978 1068 1158 1268 
417 411 412 418 44 164 284 404 524 644 764 774 894 1014 1134 1224 
410 414 416 418 45 165 285 405 525 645 765 775 895 1015 1135 1225 
410 414 413 419 46 166 286 406 526 646 766 776 896 1016 1136 1226 
412 415 416 419 47 167 287 407 527 647 767 777 897 1017 1137 1227 
411 412 417 418 40 160 280 400 520 640 760 770 890 1010 1130 1220 
413 416 417 418 41 161 281 401 521 641 761 771 891 1011 1131 1221 
411 413 415 419 42 162 282 402 522 642 762 772 892 1012 1132 1222 
410 414 415 419 43 163 283 403 523 643 763 773 893 1013 1133 1223 
410 411 414 415 49 169 289 409 529 649 769 779 899 1019 1139 1229 
412 413 416 417 48 168 288 408 528 648 768 778 898 1018 1138 1228 
427 421 422 428 64 134 314 384 454 634 704 774 954 1024 1204 1294 
420 424 426 428 65 135 315 385 455 635 705 775 955 1025 1205 1295 
420 424 423 429 66 136 316 386 456 636 706 776 956 1026 1206 1296 
422 425 426 429 67 137 317 387 457 637 707 777 957 1027 1207 1297 
421 422 427 428 60 130 310 380 450 630 700 770 950 1020 1200 1290 
423 426 427 428 61 131 311 381 451 631 701 771 951 1021 1201 1291 
421 423 425 429 62 132 312 382 452 632 702 772 952 1022 1202 1292 
420 424 425 429 63 133 313 383 453 633 703 773 953 1023 1203 1293 
420 421 424 425 69 139 319 389 459 639 709 779 959 1029 1209 1299 
422 423 426 427 68 138 318 388 458 638 708 778 958 1028 1208 1298 
437 431 432 438 14 154 294 464 604 744 774 914 1054 1194 1254 434 
430 434 436 438 15 155 295 465 605 745 775 915 1055 1195 1255 435 
430 434 433 439 16 156 296 466 606 746 776 916 1056 1196 1256 436 
432 435 436 439 17 157 297 467 607 747 777 917 1057 1197 1257 437 
431 432 437 438 10 150 290 460 600 740 770 910 1050 1190 1250 430 
433 436 437 438 11 151 291 461 601 741 771 911 1051 1191 1251 431 
431 433 435 439 12 152 292 462 602 742 772 912 1052 1192 1252 432 
430 434 435 439 13 153 293 463 603 743 773 913 1053 1193 1253 433 
430 431 434 435 19 159 299 469 609 749 779 919 1059 1199 1259 439 
432 433 436 437 18 158 298 468 608 748 778 918 1058 1198 1258 438 
447 441 442 448 884 894 904 914 924 934 944 954 964 974 984 1214 
440 444 446 448 885 895 905 915 925 935 945 955 965 975 985 1215 
440 444 443 449 886 896 906 916 926 936 946 956 966 976 986 1216 
442 445 446 449 887 897 907 917 927 937 947 957 967 977 987 1217 
441 442 447 448 880 890 900 910 920 930 940 950 960 970 980 1210 
443 446 447 448 881 891 901 911 921 931 941 951 961 971 981 1211 
441 443 445 449 882 892 902 912 922 932 942 952 962 972 982 1212 
440 444 445 449 883 893 903 913 923 933 943 953 963 973 983 1213 
440 441 444 445 889 899 909 919 929 939 949 959 969 979 989 1219 
442 443 446 447 888 898 908 918 928 938 948 958 968 978 988 1218 
457 451 452 458 104 174 244 424 494 564 744 814 884 1064 1134 1294 
450 454 456 458 105 175 245 425 495 565 745 815 885 1065 1135 1295 
450 454 453 459 106 176 246 426 496 566 746 816 886 1066 1136 1296 
452 455 456 459 107 177 247 427 497 567 747 817 887 1067 1137 1297 
451 452 457 458 100 170 240 420 490 560 740 810 880 1060 1130 1290 
453 456 457 458 101 171 241 421 491 561 741 811 881 1061 1131 1291 
451 453 455 459 102 172 242 422 492 562 742 812 882 1062 1132 1292 
450 454 455 459 103 173 243 423 493 563 743 813 883 1063 1133 1293 
450 451 454 455 109 179 249 429 499 569 749 819 889 1069 1139 1299 
452 453 456 457 108 178 248 428 498 568 748 818 888 1068 1138 1298 
467 461 462 468 54 144 234 434 524 614 704 794 884 1084 1174 1264 
460 464 466 468 55 145 235 435 525 615 705 795 885 1085 1175 1265 
460 464 463 469 56 146 236 436 526 616 706 796 886 1086 1176 1266 
462 465 466 469 57 147 237 437 527 617 707 797 887 1087 1177 1267 
461 462 467 468 50 140 230 430 520 610 700 790 880 1080 1170 1260 
463 466 467 468 51 141 231 431 521 611 701 791 881 1081 1171 1261 
461 463 465 469 52 142 232 432 522 612 702 792 882 1082 1172 1262 
460 464 465 469 53 143 233 433 523 613 703 793 883 1083 1173 1263 
460 461 464 465 59 149 239 439 529 619 709 799 889 1089 1179 1269 
462 463 466 467 58 148 238 438 528 618 708 798 888 1088 1178 1268 
477 471 472 478 74 134 304 364 534 594 764 824 884 1054 1114 1234 
470 474 476 478 75 135 305 365 535 595 765 825 885 1055 1115 1235 
470 474 473 479 76 136 306 366 536 596 766 826 886 1056 1116 1236 
472 475 476 479 77 137 307 367 537 597 767 827 887 1057 1117 1237 
471 472 477 478 70 130 300 360 530 590 760 820 880 1050 1110 1230 
473 476 477 478 71 131 301 361 531 591 761 821 881 1051 1111 1231 
471 473 475 479 72 132 302 362 532 592 762 822 882 1052 1112 1232 
470 474 475 479 73 133 303 363 533 593 763 823 883 1053 1113 1233 
470 471 474 475 79 139 309 369 539 599 769 829 889 1059 1119 1239 
472 473 476 477 78 138 308 368 538 598 768 828 888 1058 1118 1238 
487 481 482 488 84 184 284 384 584 684 784 884 1094 1194 1314 484 
480 484 486 488 85 185 285 385 585 685 785 885 1095 1195 1315 485 
480 484 483 489 86 186 286 386 586 686 786 886 1096 1196 1316 486 
482 485 486 489 87 187 287 387 587 687 787 887 1097 1197 1317 487 
481 482 487 488 80 180 280 380 580 680 780 880 1090 1190 1310 480 
483 486 487 488 81 181 281 381 581 681 781 881 1091 1191 1311 481 
481 483 485 489 82 182 282 382 582 682 782 882 1092 1192 1312 482 
480 484 485 489 83 183 283 383 583 683 783 883 1093 1193 1313 483 
480 481 484 485 89 189 289 389 589 689 789 889 1099 1199 1319 489 
482 483 486 487 88 188 288 388 588 688 788 888 1098 1198 1318 488 
497 491 492 498 24 214 294 374 454 644 724 804 884 1074 1154 1284 
490 494 496 498 25 215 295 375 455 645 725 805 885 1075 1155 1285 
490 494 493 499 26 216 296 376 456 646 726 806 886 1076 1156 1286 
492 495 496 499 27 217 297 377 457 647 727 807 887 1077 1157 1287 
491 492 497 498 20 210 290 370 450 640 720 800 880 1070 1150 1280 
493 496 497 498 21 211 291 371 451 641 721 801 881 1071 1151 1281 
491 493 495 499 22 212 292 372 452 642 722 802 882 1072 1152 1282 
490 494 495 499 23 213 293 373 453 643 723 803 883 1073 1153 1283 
490 491 494 495 29 219 299 379 459 649 729 809 889 1079 1159 1289 
492 493 496 497 28 218 298 378 458 648 728 808 888 1078 1158 1288 
507 501 502 508 94 124 264 404 544 574 714 854 884 1024 1164 1254 
500 504 506 508 95 125 265 405 545 575 715 855 885 1025 1165 1255 
500 504 503 509 96 126 266 406 546 576 716 856 886 1026 1166 1256 
502 505 506 509 97 127 267 407 547 577 717 857 887 1027 1167 1257 
501 502 507 508 90 120 260 400 540 570 710 850 880 1020 1160 1250 
503 506 507 508 91 121 261 401 541 571 711 851 881 1021 1161 1251 
501 503 505 509 92 122 262 402 542 572 712 852 882 1022 1162 1252 
500 504 505 509 93 123 263 403 543 573 713 853 883 1023 1163 1253 
500 501 504 505 99 129 269 409 549 579 719 859 889 1029 1169 1259 
502 503 506 507 98 128 268 408 548 578 718 858 888 1028 1168 1258 
517 511 512 518 34 154 274 394 634 754 874 884 1004 1124 1224 514 
510 514 516 518 35 155 275 395 635 755 875 885 1005 1125 1225 515 
510 514 513 519 36 156 276 396 636 756 876 886 1006 1126 1226 516 
512 515 516 519 37 157 277 397 637 757 877 887 1007 1127 1227 517 
511 512 517 518 30 150 270 390 630 750 870 880 1000 1120 1220 510 
513 516 517 518 31 151 271 391 631 751 871 881 1001 1121 1221 511 
511 513 515 519 32 152 272 392 632 752 872 882 1002 1122 1222 512 
510 514 515 519 33 153 273 393 633 753 873 883 1003 1123 1223 513 
510 511 514 515 39 159 279 399 639 759 879 889 1009 1129 1229 519 
512 513 516 517 38 158 278 398 638 758 878 888 1008 1128 1228 518 
527 521 522 528 44 204 254 414 464 624 674 834 884 1044 1204 1304 
520 524 526 528 45 205 255 415 465 625 675 835 885 1045 1205 1305 
520 524 523 529 46 206 256 416 466 626 676 836 886 1046 1206 1306 
522 525 526 529 47 207 257 417 467 627 677 837 887 1047 1207 1307 
521 522 527 528 40 200 250 410 460 620 670 830 880 1040 1200 1300 
523 526 527 528 41 201 251 411 461 621 671 831 881 1041 1201 1301 
521 523 525 529 42 202 252 412 462 622 672 832 882 1042 1202 1302 
520 524 525 529 43 203 253 413 463 623 673 833 883 1043 1203 1303 
520 521 524 525 49 209 259 419 469 629 679 839 889 1049 1209 1309 
522 523 526 527 48 208 258 418 468 628 678 838 888 1048 1208 1308 
537 531 532 538 64 194 324 344 474 604 734 864 884 1014 1144 1274 
530 534 536 538 65 195 325 345 475 605 735 865 885 1015 1145 1275 
530 534 533 539 66 196 326 346 476 606 736 866 886 1016 1146 1276 
532 535 536 539 67 197 327 347 477 607 737 867 887 1017 1147 1277 
531 532 537 538 60 190 320 340 470 600 730 860 880 1010 1140 1270 
533 536 537 538 61 191 321 341 471 601 731 861 881 1011 1141 1271 
531 533 535 539 62 192 322 342 472 602 732 862 882 1012 1142 1272 
530 534 535 539 63 193 323 343 473 603 733 863 883 1013 1143 1273 
530 531 534 535 69 199 329 349 479 609 739 869 889 1019 1149 1279 
532 533 536 537 68 198 328 348 478 608 738 868 888 1018 1148 1278 
547 541 542 548 14 164 314 354 504 654 694 844 884 1034 1184 1244 
540 544 546 548 15 165 315 355 505 655 695 845 885 1035 1185 1245 
540 544 543 549 16 166 316 356 506 656 696 846 886 1036 1186 1246 
542 545 546 549 17 167 317 357 507 657 697 847 887 1037 1187 1247 
541 542 547 548 10 160 310 350 500 650 690 840 880 1030 1180 1240 
543 546 547 548 11 161 311 351 501 651 691 841 881 1031 1181 1241 
541 543 545 549 12 162 312 352 502 652 692 842 882 1032 1182 1242 
540 544 545 549 13 163 313 353 503 653 693 843 883 1033 1183 1243 
540 541 544 545 19 169 319 359 509 659 699 849 889 1039 1189 1249 
542 543 546 547 18 168 318 358 508 658 698 848 888 1038 1188 1248 
557 551 552 558 224 234 244 254 264 274 284 294 304 314 324 1214 
550 554 556 558 225 235 245 255 265 275 285 295 305 315 325 1215 
550 554 553 559 226 236 246 256 266 276 286 296 306 316 326 1216 
552 555 556 559 227 237 247 257 267 277 287 297 307 317 327 1217 
551 552 557 558 220 230 240 250 260 270 280 290 300 310 320 1210 
553 556 557 558 221 231 241 251 261 271 281 291 301 311 321 1211 
551 553 555 559 222 232 242 252 262 272 282 292 302 312 322 1212 
550 554 555 559 223 233 243 253 263 273 283 293 303 313 323 1213 
550 551 554 555 229 239 249 259 269 279 289 299 309 319 329 1219 
552 553 556 557 228 238 248 258 268 278 288 298 308 318 328 1218 
567 561 562 568 104 164 224 394 454 624 684 854 914 1084 1144 1234 
560 564 566 568 105 165 225 395 455 625 685 855 915 1085 1145 1235 
560 564 563 569 106 166 226 396 456 626 686 856 916 1086 1146 1236 
562 565 566 569 107 167 227 397 457 627 687 857 917 1087 1147 1237 
561 562 567 568 100 160 220 390 450 620 680 850 910 1080 1140 1230 
563 566 567 568 101 161 221 391 451 621 681 851 911 1081 1141 1231 
561 563 565 569 102 162 222 392 452 622 682 852 912 1082 1142 1232 
560 564 565 569 103 163 223 393 453 623 683 853 913 1083 1143 1233 
560 561 564 565 109 169 229 399 459 629 689 859 919 1089 1149 1239 
562 563 566 567 108 168 228 398 458 628 688 858 918 1088 1148 1238 
577 571 572 578 54 194 224 364 504 644 674 814 954 1094 1124 1254 
570 574 576 578 55 195 225 365 505 645 675 815 955 1095 1125 1255 
570 574 573 579 56 196 226 366 506 646 676 816 956 1096 1126 1256 
572 575 576 579 57 197 227 367 507 647 677 817 957 1097 1127 1257 
571 572 577 578 50 190 220 360 500 640 670 810 950 1090 1120 1250 
573 576 577 578 51 191 221 361 501 641 671 811 951 1091 1121 1251 
571 573 575 579 52 192 222 362 502 642 672 812 952 1092 1122 1252 
570 574 575 579 53 193 223 363 503 643 673 813 953 1093 1123 1253 
570 571 574 575 59 199 229 369 509 649 679 819 959 1099 1129 1259 
572 573 576 577 58 198 228 368 508 648 678 818 958 1098 1128 1258 
587 581 582 588 74 204 224 354 484 614 744 874 894 1024 1154 1274 
580 584 586 588 75 205 225 355 485 615 745 875 895 1025 1155 1275 
580 584 583 589 76 206 226 356 486 616 746 876 896 1026 1156 1276 
582 585 586 589 77 207 227 357 487 617 747 877 897 1027 1157 1277 
581 582 587 588 70 200 220 350 480 610 740 870 890 1020 1150 1270 
583 586 587 588 71 201 221 351 481 611 741 871 891 1021 1151 1271 
581 583 585 589 72 202 222 352 482 612 742 872 892 1022 1152 1272 
580 584 585 589 73 203 223 353 483 613 743 873 893 1023 1153 1273 
580 581 584 585 79 209 229 359 489 619 749 879 899 1029 1159 1279 
582 583 586 587 78 208 228 358 488 618 748 878 898 1028 1158 1278 
597 591 592 598 84 154 224 404 474 654 724 794 974 1044 1114 1294 
590 594 596 598 85 155 225 405 475 655 725 795 975 1045 1115 1295 
590 594 593 599 86 156 226 406 476 656 726 796 976 1046 1116 1296 
592 595 596 599 87 157 227 407 477 657 727 797 977 1047 1117 1297 
591 592 597 598 80 150 220 400 470 650 720 790 970 1040 1110 1290 
593 596 597 598 81 151 221 401 471 651 721 791 971 1041 1111 1291 
591 593 595 599 82 152 222 402 472 652 722 792 972 1042 1112 1292 
590 594 595 599 83 153 223 403 473 653 723 793 973 1043 1113 1293 
590 591 594 595 89 159 229 409 479 659 729 799 979 1049 1119 1299 
592 593 596 597 88 158 228 408 478 658 728 798 978 1048 1118 1298 
607 601 602 608 24 124 224 434 534 634 734 834 934 1034 1134 1314 
600 604 606 608 25 125 225 435 535 635 735 835 935 1035 1135 1315 
600 604 603 609 26 126 226 436 536 636 736 836 936 1036 1136 1316 
602 605 606 609 27 127 227 437 537 637 737 837 937 1037 1137 1317 
601 602 607 608 20 120 220 430 530 630 730 830 930 1030 1130 1310 
603 606 607 608 21 121 221 431 531 631 731 831 931 1031 1131 1311 
601 603 605 609 22 122 222 432 532 632 732 832 932 1032 1132 1312 
600 604 605 609 23 123 223 433 533 633 733 833 933 1033 1133 1313 
600 601 604 605 29 129 229 439 539 639 739 839 939 1039 1139 1319 
602 603 606 607 28 128 228 438 538 638 738 838 938 1038 1138 1318 
617 611 612 618 94 214 224 344 464 584 704 824 944 1064 1184 1224 
610 614 616 618 95 215 225 345 465 585 705 825 945 1065 1185 1225 
610 614 613 619 96 216 226 346 466 586 706 826 946 1066 1186 1226 
612 615 616 619 97 217 227 347 467 587 707 827 947 1067 1187 1227 
611 612 617 618 90 210 220 340 460 580 700 820 940 1060 1180 1220 
613 616 617 618 91 211 221 341 461 581 701 821 941 1061 1181 1221 
611 613 615 619 92 212 222 342 462 582 702 822 942 1062 1182 1222 
610 614 615 619 93 213 223 343 463 583 703 823 943 1063 1183 1223 
610 611 614 615 99 219 229 349 469 589 709 829 949 1069 1189 1229 
612 613 616 617 98 218 228 348 468 588 708 828 948 1068 1188 1228 
627 621 622 628 34 184 224 374 524 564 714 864 904 1054 1204 1244 
620 624 626 628 35 185 225 375 525 565 715 865 905 1055 1205 1245 
620 624 623 629 36 186 226 376 526 566 716 866 906 1056 1206 1246 
622 625 626 629 37 187 227 377 527 567 717 867 907 1057 1207 1247 
621 622 627 628 30 180 220 370 520 560 710 860 900 1050 1200 1240 
623 626 627 628 31 181 221 371 521 561 711 861 901 1051 1201 1241 
621 623 625 629 32 182 222 372 522 562 712 862 902 1052 1202 1242 
620 624 625 629 33 183 223 373 523 563 713 863 903 1053 1203 1243 
620 621 624 625 39 189 229 379 529 569 719 869 909 1059 1209 1249 
622 623 626 627 38 188 228 378 528 568 718 868 908 1058 1208 1248 
637 631 632 638 44 134 224 424 514 604 694 784 984 1074 1164 1264 
630 634 636 638 45 135 225 425 515 605 695 785 985 1075 1165 1265 
630 634 633 639 46 136 226 426 516 606 696 786 986 1076 1166 1266 
632 635 636 639 47 137 227 427 517 607 697 787 987 1077 1167 1267 
631 632 637 638 40 130 220 420 510 600 690 780 980 1070 1160 1260 
633 636 637 638 41 131 221 421 511 601 691 781 981 1071 1161 1261 
631 633 635 639 42 132 222 422 512 602 692 782 982 1072 1162 1262 
630 634 635 639 43 133 223 423 513 603 693 783 983 1073 1163 1263 
630 631 634 635 49 139 229 429 519 609 699 789 989 1079 1169 1269 
632 633 636 637 48 138 228 428 518 608 698 788 988 1078 1168 1268 
647 641 642 648 64 144 224 414 494 574 764 844 924 1004 1194 1284 
640 644 646 648 65 145 225 415 495 575 765 845 925 1005 1195 1285 
640 644 643 649 66 146 226 416 496 576 766 846 926 1006 1196 1286 
642 645 646 649 67 147 227 417 497 577 767 847 927 1007 1197 1287 
641 642 647 648 60 140 220 410 490 570 760 840 920 1000 1190 1280 
643 646 647 648 61 141 221 411 491 571 761 841 921 1001 1191 1281 
641 643 645 649 62 142 222 412 492 572 762 842 922 1002 1192 1282 
640 644 645 649 63 143 223 413 493 573 763 843 923 1003 1193 1283 
640 641 644 645 69 149 229 419 499 579 769 849 929 1009 1199 1289 
642 643 646 647 68 148 228 418 498 578 768 848 928 1008 1198 1288 
657 651 652 658 14 174 224 384 544 594 754 804 964 1014 1174 1304 
650 654 656 658 15 175 225 385 545 595 755 805 965 1015 1175 1305 
650 654 653 659 16 176 226 386 546 596 756 806 966 1016 1176 1306 
652 655 656 659 17 177 227 387 547 597 757 807 967 1017 1177 1307 
651 652 657 658 10 170 220 380 540 590 750 800 960 1010 1170 1300 
653 656 657 658 11 171 221 381 541 591 751 801 961 1011 1171 1301 
651 653 655 659 12 172 222 382 542 592 752 802 962 1012 1172 1302 
650 654 655 659 13 173 223 383 543 593 753 803 963 1013 1173 1303 
650 651 654 655 19 179 229 389 549 599 759 809 969 1019 1179 1309 
652 653 656 657 18 178 228 388 548 598 758 808 968 1018 1178 1308 
667 661 662 668 994 1004 1014 1024 1034 1044 1054 1064 1074 1084 1094 1214 
660 664 666 668 995 1005 1015 1025 1035 1045 1055 1065 1075 1085 1095 1215 
660 664 663 669 996 1006 1016 1026 1036 1046 1056 1066 1076 1086 1096 1216 
662 665 666 669 997 1007 1017 1027 1037 1047 1057 1067 1077 1087 1097 1217 
661 662 667 668 990 1000 1010 1020 1030 1040 1050 1060 1070 1080 1090 1210 
663 666 667 668 991 1001 1011 1021 1031 1041 1051 1061 1071 1081 1091 1211 
661 663 665 669 992 1002 1012 1022 1032 1042 1052 1062 1072 1082 1092 1212 
660 664 665 669 993 1003 1013 1023 1033 1043 1053 1063 1073 1083 1093 1213 
660 661 664 665 999 1009 1019 1029 1039 1049 1059 1069 1079 1089 1099 1219 
662 663 666 667 998 1008 1018 1028 1038 1048 1058 1068 1078 1088 1098 1218 
677 671 672 678 104 154 314 364 524 574 734 784 944 994 1154 1304 
670 674 676 678 105 155 315 365 525 575 735 785 945 995 1155 1305 
670 674 673 679 106 156 316 366 526 576 736 786 946 996 1156 1306 
672 675 676 679 107 157 317 367 527 577 737 787 947 997 1157 1307 
671 672 677 678 100 150 310 360 520 570 730 780 940 990 1150 1300 
673 676 677 678 101 151 311 361 521 571 731 781 941 991 1151 1301 
671 673 675 679 102 152 312 362 522 572 732 782 942 992 1152 1302 
670 674 675 679 103 153 313 363 523 573 733 783 943 993 1153 1303 
670 671 674 675 109 159 319 369 529 579 739 789 949 999 1159 1309 
672 673 676 677 108 158 318 368 528 578 738 788 948 998 1158 1308 
687 681 682 688 54 134 324 404 484 564 754 834 914 994 1184 1284 
680 684 686 688 55 135 325 405 485 565 755 835 915 995 1185 1285 
680 684 683 689 56 136 326 406 486 566 756 836 916 996 1186 1286 
682 685 686 689 57 137 327 407 487 567 757 837 917 997 1187 1287 
681 682 687 688 50 130 320 400 480 560 750 830 910 990 1180 1280 
683 686 687 688 51 131 321 401 481 561 751 831 911 991 1181 1281 
681 683 685 689 52 132 322 402 482 562 752 832 912 992 1182 1282 
680 684 685 689 53 133 323 403 483 563 753 833 913 993 1183 1283 
680 681 684 685 59 139 329 409 489 569 759 839 919 999 1189 1289 
682 683 686 687 58 138 328 408 488 568 758 838 918 998 1188 1288 
697 691 692 698 74 164 254 344 544 634 724 814 904 994 1194 1264 
690 694 696 698 75 165 255 345 545 635 725 815 905 995 1195 1265 
690 694 693 699 76 166 256 346 546 636 726 816 906 996 1196 1266 
692 695 696 699 77 167 257 347 547 637 727 817 907 997 1197 1267 
691 692 697 698 70 160 250 340 540 630 720 810 900 990 1190 1260 
693 696 697 698 71 161 251 341 541 631 721 811 901 991 1191 1261 
691 693 695 699 72 162 252 342 542 632 722 812 902 992 1192 1262 
690 694 695 699 73 163 253 343 543 633 723 813 903 993 1193 1263 
690 691 694 695 79 169 259 349 549 639 729 819 909 999 1199 1269 
692 693 696 697 78 168 258 348 548 638 728 818 908 998 1198 1268 
707 701 702 708 84 124 274 424 464 614 764 804 954 994 1144 1244 
700 704 706 708 85 125 275 425 465 615 765 805 955 995 1145 1245 
700 704 703 709 86 126 276 426 466 616 766 806 956 996 1146 1246 
702 705 706 709 87 127 277 427 467 617 767 807 957 997 1147 1247 
701 702 707 708 80 120 270 420 460 610 760 800 950 990 1140 1240 
703 706 707 708 81 121 271 421 461 611 761 801 951 991 1141 1241 
701 703 705 709 82 122 272 422 462 612 762 802 952 992 1142 1242 
700 704 705 709 83 123 273 423 463 613 763 803 953 993 1143 1243 
700 701 704 705 89 129 279 429 469 619 769 809 959 999 1149 1249 
702 703 706 707 88 128 278 428 468 618 768 808 958 998 1148 1248 
717 711 712 718 24 144 264 384 504 624 744 864 984 994 1114 1224 
710 714 716 718 25 145 265 385 505 625 745 865 985 995 1115 1225 
710 714 713 719 26 146 266 386 506 626 746 866 986 996 1116 1226 
712 715 716 719 27 147 267 387 507 627 747 867 987 997 1117 1227 
711 712 717 718 20 140 260 380 500 620 740 860 980 990 1110 1220 
713 716 717 718 21 141 261 381 501 621 741 861 981 991 1111 1221 
711 713 715 719 22 142 262 382 502 622 742 862 982 992 1112 1222 
710 714 715 719 23 143 263 383 503 623 743 863 983 993 1113 1223 
710 711 714 715 29 149 269 389 509 629 749 869 989 999 1119 1229 
712 713 716 717 28 148 268 388 508 628 748 868 988 998 1118 1228 
727 721 722 728 94 194 294 394 494 594 694 794 894 994 1204 1314 
720 724 726 728 95 195 295 395 495 595 695 795 895 995 1205 1315 
720 724 723 729 96 196 296 396 496 596 696 796 896 996 1206 1316 
722 725 726 729 97 197 297 397 497 597 697 797 897 997 1207 1317 
721 722 727 728 90 190 290 390 490 590 690 790 890 990 1200 1310 
723 726 727 728 91 191 291 391 491 591 691 791 891 991 1201 1311 
721 723 725 729 92 192 292 392 492 592 692 792 892 992 1202 1312 
720 724 725 729 93 193 293 393 493 593 693 793 893 993 1203 1313 
720 721 724 725 99 199 299 399 499 599 699 799 899 999 1209 1319 
722 723 726 727 98 198 298 398 498 598 698 798 898 998 1208 1318 
737 731 732 738 34 214 284 354 534 604 674 854 924 994 1174 1294 
730 734 736 738 35 215 285 355 535 605 675 855 925 995 1175 1295 
730 734 733 739 36 216 286 356 536 606 676 856 926 996 1176 1296 
732 735 736 739 37 217 287 357 537 607 677 857 927 997 1177 1297 
731 732 737 738 30 210 280 350 530 600 670 850 920 990 1170 1290 
733 736 737 738 31 211 281 351 531 601 671 851 921 991 1171 1291 
731 733 735 739 32 212 282 352 532 602 672 852 922 992 1172 1292 
730 734 735 739 33 213 283 353 533 603 673 853 923 993 1173 1293 
730 731 734 735 39 219 289 359 539 609 679 859 929 999 1179 1299 
732 733 736 737 38 218 288 358 538 608 678 858 928 998 1178 1298 
747 741 742 748 44 174 304 434 454 584 714 844 974 994 1124 1274 
740 744 746 748 45 175 305 435 455 585 715 845 975 995 1125 1275 
740 744 743 749 46 176 306 436 456 586 716 846 976 996 1126 1276 
742 745 746 749 47 177 307 437 457 587 717 847 977 997 1127 1277 
741 742 747 748 40 170 300 430 450 580 710 840 970 990 1120 1270 
743 746 747 748 41 171 301 431 451 581 711 841 971 991 1121 1271 
741 743 745 749 42 172 302 432 452 582 712 842 972 992 1122 1272 
740 744 745 749 43 173 303 433 453 583 713 843 973 993 1123 1273 
740 741 744 745 49 179 309 439 459 589 719 849 979 999 1129 1279 
742 743 746 747 48 178 308 438 458 588 718 848 978 998 1128 1278 
757 751 752 758 64 204 234 374 514 654 684 824 964 994 1134 1254 
750 754 756 758 65 205 235 375 515 655 685 825 965 995 1135 1255 
750 754 753 759 66 206 236 376 516 656 686 826 966 996 1136 1256 
752 755 756 759 67 207 237 377 517 657 687 827 967 997 1137 1257 
751 752 757 758 60 200 230 370 510 650 680 820 960 990 1130 1250 
753 756 757 758 61 201 231 371 511 651 681 821 961 991 1131 1251 
751 753 755 759 62 202 232 372 512 652 682 822 962 992 1132 1252 
750 754 755 759 63 203 233 373 513 653 683 823 963 993 1133 1253 
750 751 754 755 69 209 239 379 519 659 689 829 969 999 1139 1259 
752 753 756 757 68 208 238 378 518 658 688 828 968 998 1138 1258 
767 761 762 768 14 184 244 414 474 644 704 874 934 994 1164 1234 
760 764 766 768 15 185 245 415 475 645 705 875 935 995 1165 1235 
760 764 763 769 16 186 246 416 476 646 706 876 936 996 1166 1236 
762 765 766 769 17 187 247 417 477 647 707 877 937 997 1167 1237 
761 762 767 768 10 180 240 410 470 640 700 870 930 990 1160 1230 
763 766 767 768 11 181 241 411 471 641 701 871 931 991 1161 1231 
761 763 765 769 12 182 242 412 472 642 702 872 932 992 1162 1232 
760 764 765 769 13 183 243 413 473 643 703 873 933 993 1163 1233 
760 761 764 765 19 189 249 419 479 649 709 879 939 999 1169 1239 
762 763 766 767 18 188 248 418 478 648 708 878 938 998 1168 1238 
777 771 772 778 334 344 354 364 374 384 394 404 414 424 434 1214 
770 774 776 778 335 345 355 365 375 385 395 405 415 425 435 1215 
770 774 773 779 336 346 356 366 376 386 396 406 416 426 436 1216 
772 775 776 779 337 347 357 367 377 387 397 407 417 427 437 1217 
771 772 777 778 330 340 350 360 370 380 390 400 410 420 430 1210 
773 776 777 778 331 341 351 361 371 381 391 401 411 421 431 1211 
771 773 775 779 332 342 352 362 372 382 392 402 412 422 432 1212 
770 774 775 779 333 343 353 363 373 383 393 403 413 423 433 1213 
770 771 774 775 339 349 359 369 379 389 399 409 419 429 439 1219 
772 773 776 777 338 348 358 368 378 388 398 408 418 428 438 1218 
787 781 782 788 104 144 294 334 484 634 674 824 974 1014 1164 1244 
780 784 786 788 105 145 295 335 485 635 675 825 975 1015 1165 1245 
780 784 783 789 106 146 296 336 486 636 676 826 976 1016 1166 1246 
782 785 786 789 107 147 297 337 487 637 677 827 977 1017 1167 1247 
781 782 787 788 100 140 290 330 480 630 670 820 970 1010 1160 1240 
783 786 787 788 101 141 291 331 481 631 671 821 971 1011 1161 1241 
781 783 785 789 102 142 292 332 482 632 672 822 972 1012 1162 1242 
780 784 785 789 103 143 293 333 483 633 673 823 973 1013 1163 1243 
780 781 784 785 109 149 299 339 489 639 679 829 979 1019 1169 1249 
782 783 786 787 108 148 298 338 488 638 678 828 978 1018 1168 1248 
797 791 792 798 54 184 314 334 464 594 724 854 984 1004 1134 1274 
790 794 796 798 55 185 315 335 465 595 725 855 985 1005 1135 1275 
790 794 793 799 56 186 316 336 466 596 726 856 986 1006 1136 1276 
792 795 796 799 57 187 317 337 467 597 727 857 987 1007 1137 1277 
791 792 797 798 50 180 310 330 460 590 720 850 980 1000 1130 1270 
793 796 797 798 51 181 311 331 461 591 721 851 981 1001 1131 1271 
791 793 795 799 52 182 312 332 462 592 722 852 982 1002 1132 1272 
790 794 795 799 53 183 313 333 463 593 723 853 983 1003 1133 1273 
790 791 794 795 59 189 319 339 469 599 729 859 989 1009 1139 1279 
792 793 796 797 58 188 318 338 468 598 728 858 988 1008 1138 1278 
807 801 802 808 74 124 284 334 494 654 704 864 914 1074 1124 1304 
800 804 806 808 75 125 285 335 495 655 705 865 915 1075 1125 1305 
800 804 803 809 76 126 286 336 496 656 706 866 916 1076 1126 1306 
802 805 806 809 77 127 287 337 497 657 707 867 917 1077 1127 1307 
801 802 807 808 70 120 280 330 490 650 700 860 910 1070 1120 1300 
803 806 807 808 71 121 281 331 491 651 701 861 911 1071 1121 1301 
801 803 805 809 72 122 282 332 492 652 702 862 912 1072 1122 1302 
800 804 805 809 73 123 283 333 493 653 703 863 913 1073 1123 1303 
800 801 804 805 79 129 289 339 499 659 709 869 919 1079 1129 1309 
802 803 806 807 78 128 288 338 498 658 708 868 918 1078 1128 1308 
817 811 812 818 84 204 324 334 454 574 694 934 1054 1174 1224 814 
810 814 816 818 85 205 325 335 455 575 695 935 1055 1175 1225 815 
810 814 813 819 86 206 326 336 456 576 696 936 1056 1176 1226 816 
812 815 816 819 87 207 327 337 457 577 697 937 1057 1177 1227 817 
811 812 817 818 80 200 320 330 450 570 690 930 1050 1170 1220 810 
813 816 817 818 81 201 321 331 451 571 691 931 1051 1171 1221 811 
811 813 815 819 82 202 322 332 452 572 692 932 1052 1172 1222 812 
810 814 815 819 83 203 323 333 453 573 693 933 1053 1173 1223 813 
810 811 814 815 89 209 329 339 459 579 699 939 1059 1179 1229 819 
812 813 816 817 88 208 328 338 458 578 698 938 1058 1178 1228 818 
827 821 822 828 24 164 304 334 474 614 754 784 924 1064 1204 1254 
820 824 826 828 25 165 305 335 475 615 755 785 925 1065 1205 1255 
820 824 823 829 26 166 306 336 476 616 756 786 926 1066 1206 1256 
822 825 826 829 27 167 307 337 477 617 757 787 927 1067 1207 1257 
821 822 827 828 20 160 300 330 470 610 750 780 920 1060 1200 1250 
823 826 827 828 21 161 301 331 471 611 751 781 921 1061 1201 1251 
821 823 825 829 22 162 302 332 472 612 752 782 922 1062 1202 1252 
820 824 825 829 23 163 303 333 473 613 753 783 923 1063 1203 1253 
820 821 824 825 29 169 309 339 479 619 759 789 929 1069 1209 1259 
822 823 826 827 28 168 308 338 478 618 758 788 928 1068 1208 1258 
837 831 832 838 94 174 254 334 524 604 684 874 954 1034 1114 1284 
830 834 836 838 95 175 255 335 525 605 685 875 955 1035 1115 1285 
830 834 833 839 96 176 256 336 526 606 686 876 956 1036 1116 1286 
832 835 836 839 97 177 257 337 527 607 687 877 957 1037 1117 1287 
831 832 837 838 90 170 250 330 520 600 680 870 950 1030 1110 1280 
833 836 837 838 91 171 251 331 521 601 681 871 951 1031 1111 1281 
831 833 835 839 92 172 252 332 522 602 682 872 952 1032 1112 1282 
830 834 835 839 93 173 253 333 523 603 683 873 953 1033 1113 1283 
830 831 834 835 99 179 259 339 529 609 689 879 959 1039 1119 1289 
832 833 836 837 98 178 258 338 528 608 688 878 958 1038 1118 1288 
847 841 842 848 34 134 234 334 544 644 744 944 1044 1144 1314 844 
840 844 846 848 35 135 235 335 545 645 745 945 1045 1145 1315 845 
840 844 843 849 36 136 236 336 546 646 746 946 1046 1146 1316 846 
842 845 846 849 37 137 237 337 547 647 747 947 1047 1147 1317 847 
841 842 847 848 30 130 230 330 540 640 740 940 1040 1140 1310 840 
843 846 847 848 31 131 231 331 541 641 741 941 1041 1141 1311 841 
841 843 845 849 32 132 232 332 542 642 742 942 1042 1142 1312 842 
840 844 845 849 33 133 233 333 543 643 743 943 1043 1143 1313 843 
840 841 844 845 39 139 239 339 549 649 749 949 1049 1149 1319 849 
842 843 846 847 38 138 238 338 548 648 748 948 1048 1148 1318 848 
857 851 852 858 44 214 274 334 504 564 734 794 964 1024 1194 1234 
850 854 856 858 45 215 275 335 505 565 735 795 965 1025 1195 1235 
850 854 853 859 46 216 276 336 506 566 736 796 966 1026 1196 1236 
852 855 856 859 47 217 277 337 507 567 737 797 967 1027 1197 1237 
851 852 857 858 40 210 270 330 500 560 730 790 960 1020 1190 1230 
853 856 857 858 41 211 271 331 501 561 731 791 961 1021 1191 1231 
851 853 855 859 42 212 272 332 502 562 732 792 962 1022 1192 1232 
850 854 855 859 43 213 273 333 503 563 733 793 963 1023 1193 1233 
850 851 854 855 49 219 279 339 509 569 739 799 969 1029 1199 1239 
852 853 856 857 48 218 278 338 508 568 738 798 968 1028 1198 1238 
867 861 862 868 64 154 244 334 534 624 714 804 894 1094 1184 1264 
860 864 866 868 65 155 245 335 535 625 715 805 895 1095 1185 1265 
860 864 863 869 66 156 246 336 536 626 716 806 896 1096 1186 1266 
862 865 866 869 67 157 247 337 537 627 717 807 897 1097 1187 1267 
861 862 867 868 60 150 240 330 530 620 710 800 890 1090 1180 1260 
863 866 867 868 61 151 241 331 531 621 711 801 891 1091 1181 1261 
861 863 865 869 62 152 242 332 532 622 712 802 892 1092 1182 1262 
860 864 865 869 63 153 243 333 533 623 713 803 893 1093 1183 1263 
860 861 864 865 69 159 249 339 539 629 719 809 899 1099 1189 1269 
862 863 866 867 68 158 248 338 538 628 718 808 898 1098 1188 1268 
877 871 872 878 14 194 264 334 514 584 764 834 904 1084 1154 1294 
870 874 876 878 15 195 265 335 515 585 765 835 905 1085 1155 1295 
870 874 873 879 16 196 266 336 516 586 766 836 906 1086 1156 1296 
872 875 876 879 17 197 267 337 517 587 767 837 907 1087 1157 1297 
871 872 877 878 10 190 260 330 510 580 760 830 900 1080 1150 1290 
873 876 877 878 11 191 261 331 511 581 761 831 901 1081 1151 1291 
871 873 875 879 12 192 262 332 512 582 762 832 902 1082 1152 1292 
870 874 875 879 13 193 263 333 513 583 763 833 903 1083 1153 1293 
870 871 874 875 19 199 269 339 519 589 769 839 909 1089 1159 1299 
872 873 876 877 18 198 268 338 518 588 768 838 908 1088 1158 1298 
887 881 882 888 444 454 464 474 484 494 504 514 524 534 544 1214 
880 884 886 888 445 455 465 475 485 495 505 515 525 535 545 1215 
880 884 883 889 446 456 466 476 486 496 506 516 526 536 546 1216 
882 885 886 889 447 457 467 477 487 497 507 517 527 537 547 1217 
881 882 887 888 440 450 460 470 480 490 500 510 520 530 540 1210 
883 886 887 888 441 451 461 471 481 491 501 511 521 531 541 1211 
881 883 885 889 442 452 462 472 482 492 502 512 522 532 542 1212 
880 884 885 889 443 453 463 473 483 493 503 513 523 533 543 1213 
880 881 884 885 449 459 469 479 489 499 509 519 529 539 549 1219 
882 883 886 887 448 458 468 478 488 498 508 518 528 538 548 1218 
897 891 892 898 104 134 274 414 444 584 724 864 1034 1174 1254 894 
890 894 896 898 105 135 275 415 445 585 725 865 1035 1175 1255 895 
890 894 893 899 106 136 276 416 446 586 726 866 1036 1176 1256 896 
892 895 896 899 107 137 277 417 447 587 727 867 1037 1177 1257 897 
891 892 897 898 100 130 270 410 440 580 720 860 1030 1170 1250 890 
893 896 897 898 101 131 271 411 441 581 721 861 1031 1171 1251 891 
891 893 895 899 102 132 272 412 442 582 722 862 1032 1172 1252 892 
890 894 895 899 103 133 273 413 443 583 723 863 1033 1173 1253 893 
890 891 894 895 109 139 279 419 449 589 729 869 1039 1179 1259 899 
892 893 896 897 108 138 278 418 448 588 728 868 1038 1178 1258 898 
907 901 902 908 54 124 304 374 444 624 694 874 944 1014 1194 1294 
900 904 906 908 55 125 305 375 445 625 695 875 945 1015 1195 1295 
900 904 903 909 56 126 306 376 446 626 696 876 946 1016 1196 1296 
902 905 906 909 57 127 307 377 447 627 697 877 947 1017 1197 1297 
901 902 907 908 50 120 300 370 440 620 690 870 940 1010 1190 1290 
903 906 907 908 51 121 301 371 441 621 691 871 941 1011 1191 1291 
901 903 905 909 52 122 302 372 442 622 692 872 942 1012 1192 1292 
900 904 905 909 53 123 303 373 443 623 693 873 943 1013 1193 1293 
900 901 904 905 59 129 309 379 449 629 699 879 949 1019 1199 1299 
902 903 906 907 58 128 308 378 448 628 698 878 948 1018 1198 1298 
917 911 912 918 74 194 314 434 444 564 684 804 924 1044 1164 1224 
910 914 916 918 75 195 315 435 445 565 685 805 925 1045 1165 1225 
910 914 913 919 76 196 316 436 446 566 686 806 926 1046 1166 1226 
912 915 916 919 77 197 317 437 447 567 687 807 927 1047 1167 1227 
911 912 917 918 70 190 310 430 440 560 680 800 920 1040 1160 1220 
913 916 917 918 71 191 311 431 441 561 681 801 921 1041 1161 1221 
911 913 915 919 72 192 312 432 442 562 682 802 922 1042 1162 1222 
910 914 915 919 73 193 313 433 443 563 683 803 923 1043 1163 1223 
910 911 914 915 79 199 319 439 449 569 689 809 929 1049 1169 1229 
912 913 916 917 78 198 318 438 448 568 688 808 928 1048 1168 1228 
927 921 922 928 84 174 264 354 444 644 734 824 914 1004 1204 1264 
920 924 926 928 85 175 265 355 445 645 735 825 915 1005 1205 1265 
920 924 923 929 86 176 266 356 446 646 736 826 916 1006 1206 1266 
922 925 926 929 87 177 267 357 447 647 737 827 917 1007 1207 1267 
921 922 927 928 80 170 260 350 440 640 730 820 910 1000 1200 1260 
923 926 927 928 81 171 261 351 441 641 731 821 911 1001 1201 1261 
921 923 925 929 82 172 262 352 442 642 732 822 912 1002 1202 1262 
920 924 925 929 83 173 263 353 443 643 733 823 913 1003 1203 1263 
920 921 924 925 89 179 269 359 449 649 739 829 919 1009 1209 1269 
922 923 926 927 88 178 268 358 448 648 738 828 918 1008 1208 1268 
937 931 932 938 24 184 234 394 444 604 764 814 974 1024 1184 1304 
930 934 936 938 25 185 235 395 445 605 765 815 975 1025 1185 1305 
930 934 933 939 26 186 236 396 446 606 766 816 976 1026 1186 1306 
932 935 936 939 27 187 237 397 447 607 767 817 977 1027 1187 1307 
931 932 937 938 20 180 230 390 440 600 760 810 970 1020 1180 1300 
933 936 937 938 21 181 231 391 441 601 761 811 971 1021 1181 1301 
931 933 935 939 22 182 232 392 442 602 762 812 972 1022 1182 1302 
930 934 935 939 23 183 233 393 443 603 763 813 973 1023 1183 1303 
930 931 934 935 29 189 239 399 449 609 769 819 979 1029 1189 1309 
932 933 936 937 28 188 238 398 448 608 768 818 978 1028 1188 1308 
947 941 942 948 94 154 324 384 444 614 674 844 904 1074 1134 1234 
940 944 946 948 95 155 325 385 445 615 675 845 905 1075 1135 1235 
940 944 943 949 96 156 326 386 446 616 676 846 906 1076 1136 1236 
942 945 946 949 97 157 327 387 447 617 677 847 907 1077 1137 1237 
941 942 947 948 90 150 320 380 440 610 670 840 900 1070 1130 1230 
943 946 947 948 91 151 321 381 441 611 671 841 901 1071 1131 1231 
941 943 945 949 92 152 322 382 442 612 672 842 902 1072 1132 1232 
940 944 945 949 93 153 323 383 443 613 673 843 903 1073 1133 1233 
940 941 944 945 99 159 329 389 449 619 679 849 909 1079 1139 1239 
942 943 946 947 98 158 328 388 448 618 678 848 908 1078 1138 1238 
957 951 952 958 34 164 294 424 444 574 704 834 964 1094 1114 1274 
950 954 956 958 35 165 295 425 445 575 705 835 965 1095 1115 1275 
950 954 953 959 36 166 296 426 446 576 706 836 966 1096 1116 1276 
952 955 956 959 37 167 297 427 447 577 707 837 967 1097 1117 1277 
951 952 957 958 30 160 290 420 440 570 700 830 960 1090 1110 1270 
953 956 957 958 31 161 291 421 441 571 701 831 961 1091 1111 1271 
951 953 955 959 32 162 292 422 442 572 702 832 962 1092 1112 1272 
950 954 955 959 33 163 293 423 443 573 703 833 963 1093 1113 1273 
950 951 954 955 39 169 299 429 449 579 709 839 969 1099 1119 1279 
952 953 956 957 38 168 298 428 448 578 708 838 968 1098 1118 1278 
967 961 962 968 44 144 244 344 444 654 754 854 954 1054 1154 1314 
960 964 966 968 45 145 245 345 445 655 755 855 955 1055 1155 1315 
960 964 963 969 46 146 246 346 446 656 756 856 956 1056 1156 1316 
962 965 966 969 47 147 247 347 447 657 757 857 957 1057 1157 1317 
961 962 967 968 40 140 240 340 440 650 750 850 950 1050 1150 1310 
963 966 967 968 41 141 241 341 441 651 751 851 951 1051 1151 1311 
961 963 965 969 42 142 242 342 442 652 752 852 952 1052 1152 1312 
960 964 965 969 43 143 243 343 443 653 753 853 953 1053 1153 1313 
960 961 964 965 49 149 249 349 449 659 759 859 959 1059 1159 1319 
962 963 966 967 48 148 248 348 448 658 758 858 958 1058 1158 1318 
977 971 972 978 64 214 254 404 444 594 744 784 934 1084 1124 1244 
970 974 976 978 65 215 255 405 445 595 745 785 935 1085 1125 1245 
970 974 973 979 66 216 256 406 446 596 746 786 936 1086 1126 1246 
972 975 976 979 67 217 257 407 447 597 747 787 937 1087 1127 1247 
971 972 977 978 60 210 250 400 440 590 740 780 930 1080 1120 1240 
973 976 977 978 61 211 251 401 441 591 741 781 931 1081 1121 1241 
971 973 975 979 62 212 252 402 442 592 742 782 932 1082 1122 1242 
970 974 975 979 63 213 253 403 443 593 743 783 933 1083 1123 1243 
970 971 974 975 69 219 259 409 449 599 749 789 939 1089 1129 1249 
972 973 976 977 68 218 258 408 448 598 748 788 938 1088 1128 1248 
987 981 982 988 14 204 284 364 444 634 714 794 1064 1144 1284 984 
980 984 986 988 15 205 285 365 445 635 715 795 1065 1145 1285 985 
980 984 983 989 16 206 286 366 446 636 716 796 1066 1146 1286 986 
982 985 986 989 17 207 287 367 447 637 717 797 1067 1147 1287 987 
981 982 987 988 10 200 280 360 440 630 710 790 1060 1140 1280 980 
983 986 987 988 11 201 281 361 441 631 711 791 1061 1141 1281 981 
981 983 985 989 12 202 282 362 442 632 712 792 1062 1142 1282 982 
980 984 985 989 13 203 283 363 443 633 713 793 1063 1143 1283 983 
980 981 984 985 19 209 289 369 449 639 719 799 1069 1149 1289 989 
982 983 986 987 18 208 288 368 448 638 718 798 1068 1148 1288 988 
997 991 992 998 664 674 684 694 704 714 724 734 744 754 764 1214 
990 994 996 998 665 675 685 695 705 715 725 735 745 755 765 1215 
990 994 993 999 666 676 686 696 706 716 726 736 746 756 766 1216 
992 995 996 999 667 677 687 697 707 717 727 737 747 757 767 1217 
991 992 997 998 660 670 680 690 700 710 720 730 740 750 760 1210 
993 996 997 998 661 671 681 691 701 711 721 731 741 751 761 1211 
991 993 995 999 662 672 682 692 702 712 722 732 742 752 762 1212 
990 994 995 999 663 673 683 693 703 713 723 733 743 753 763 1213 
990 991 994 995 669 679 689 699 709 719 729 739 749 759 769 1219 
992 993 996 997 668 678 688 698 708 718 728 738 748 758 768 1218 
1007 1001 1002 1008 104 124 254 384 514 644 664 794 924 1054 1184 1274 
1000 1004 1006 1008 105 125 255 385 515 645 665 795 925 1055 1185 1275 
1000 1004 1003 1009 106 126 256 386 516 646 666 796 926 1056 1186 1276 
1002 1005 1006 1009 107 127 257 387 517 647 667 797 927 1057 1187 1277 
1001 1002 1007 1008 100 120 250 380 510 640 660 790 920 1050 1180 1270 
1003 1006 1007 1008 101 121 251 381 511 641 661 791 921 1051 1181 1271 
1001 1003 1005 1009 102 122 252 382 512 642 662 792 922 1052 1182 1272 
1000 1004 1005 1009 103 123 253 383 513 643 663 793 923 1053 1183 1273 
1000 1001 1004 1005 109 129 259 389 519 649 669 799 929 1059 1189 1279 
1002 1003 1006 1007 108 128 258 388 518 648 668 798 928 1058 1188 1278 
1017 1011 1012 1018 54 174 294 414 534 654 664 784 904 1024 1144 1224 
1010 1014 1016 1018 55 175 295 415 535 655 665 785 905 1025 1145 1225 
1010 1014 1013 1019 56 176 296 416 536 656 666 786 906 1026 1146 1226 
1012 1015 1016 1019 57 177 297 417 537 657 667 787 907 1027 1147 1227 
1011 1012 1017 1018 50 170 290 410 530 650 660 780 900 1020 1140 1220 
1013 1016 1017 1018 51 171 291 411 531 651 661 781 901 1021 1141 1221 
1011 1013 1015 1019 52 172 292 412 532 652 662 782 902 1022 1142 1222 
1010 1014 1015 1019 53 173 293 413 533 653 663 783 903 1023 1143 1223 
1010 1011 1014 1015 59 179 299 419 539 659 669 789 909 1029 1149 1229 
1012 1013 1016 1017 58 178 298 418 538 658 668 788 908 1028 1148 1228 
1027 1021 1022 1028 74 154 234 424 504 584 664 854 934 1014 1204 1284 
1020 1024 1026 1028 75 155 235 425 505 585 665 855 935 1015 1205 1285 
1020 1024 1023 1029 76 156 236 426 506 586 666 856 936 1016 1206 1286 
1022 1025 1026 1029 77 157 237 427 507 587 667 857 937 1017 1207 1287 
1021 1022 1027 1028 70 150 230 420 500 580 660 850 930 1010 1200 1280 
1023 1026 1027 1028 71 151 231 421 501 581 661 851 931 1011 1201 1281 
1021 1023 1025 1029 72 152 232 422 502 582 662 852 932 1012 1202 1282 
1020 1024 1025 1029 73 153 233 423 503 583 663 853 933 1013 1203 1283 
1020 1021 1024 1025 79 159 239 429 509 589 669 859 939 1019 1209 1289 
1022 1023 1026 1027 78 158 238 428 508 588 668 858 938 1018 1208 1288 
1037 1031 1032 1038 84 144 314 374 544 604 664 834 894 1064 1124 1234 
1030 1034 1036 1038 85 145 315 375 545 605 665 835 895 1065 1125 1235 
1030 1034 1033 1039 86 146 316 376 546 606 666 836 896 1066 1126 1236 
1032 1035 1036 1039 87 147 317 377 547 607 667 837 897 1067 1127 1237 
1031 1032 1037 1038 80 140 310 370 540 600 660 830 890 1060 1120 1230 
1033 1036 1037 1038 81 141 311 371 541 601 661 831 891 1061 1121 1231 
1031 1033 1035 1039 82 142 312 372 542 602 662 832 892 1062 1122 1232 
1030 1034 1035 1039 83 143 313 373 543 603 663 833 893 1063 1123 1233 
1030 1031 1034 1035 89 149 319 379 549 609 669 839 899 1069 1129 1239 
1032 1033 1036 1037 88 148 318 378 548 608 668 838 898 1068 1128 1238 
1047 1041 1042 1048 24 204 274 344 524 594 664 844 914 1094 1164 1294 
1040 1044 1046 1048 25 205 275 345 525 595 665 845 915 1095 1165 1295 
1040 1044 1043 1049 26 206 276 346 526 596 666 846 916 1096 1166 1296 
1042 1045 1046 1049 27 207 277 347 527 597 667 847 917 1097 1167 1297 
1041 1042 1047 1048 20 200 270 340 520 590 660 840 910 1090 1160 1290 
1043 1046 1047 1048 21 201 271 341 521 591 661 841 911 1091 1161 1291 
1041 1043 1045 1049 22 202 272 342 522 592 662 842 912 1092 1162 1292 
1040 1044 1045 1049 23 203 273 343 523 593 663 843 913 1093 1163 1293 
1040 1041 1044 1045 29 209 279 349 529 599 669 849 919 1099 1169 1299 
1042 1043 1046 1047 28 208 278 348 528 598 668 848 918 1098 1168 1298 
1057 1051 1052 1058 94 134 284 434 474 624 664 814 964 1004 1154 1244 
1050 1054 1056 1058 95 135 285 435 475 625 665 815 965 1005 1155 1245 
1050 1054 1053 1059 96 136 286 436 476 626 666 816 966 1006 1156 1246 
1052 1055 1056 1059 97 137 287 437 477 627 667 817 967 1007 1157 1247 
1051 1052 1057 1058 90 130 280 430 470 620 660 810 960 1000 1150 1240 
1053 1056 1057 1058 91 131 281 431 471 621 661 811 961 1001 1151 1241 
1051 1053 1055 1059 92 132 282 432 472 622 662 812 962 1002 1152 1242 
1050 1054 1055 1059 93 133 283 433 473 623 663 813 963 1003 1153 1243 
1050 1051 1054 1055 99 139 289 439 479 629 669 819 969 1009 1159 1249 
1052 1053 1056 1057 98 138 288 438 478 628 668 818 968 1008 1158 1248 
1067 1061 1062 1068 34 194 244 404 454 614 664 824 984 1034 1194 1304 
1060 1064 1066 1068 35 195 245 405 455 615 665 825 985 1035 1195 1305 
1060 1064 1063 1069 36 196 246 406 456 616 666 826 986 1036 1196 1306 
1062 1065 1066 1069 37 197 247 407 457 617 667 827 987 1037 1197 1307 
1061 1062 1067 1068 30 190 240 400 450 610 660 820 980 1030 1190 1300 
1063 1066 1067 1068 31 191 241 401 451 611 661 821 981 1031 1191 1301 
1061 1063 1065 1069 32 192 242 402 452 612 662 822 982 1032 1192 1302 
1060 1064 1065 1069 33 193 243 403 453 613 663 823 983 1033 1193 1303 
1060 1061 1064 1065 39 199 249 409 459 619 669 829 989 1039 1199 1309 
1062 1063 1066 1067 38 198 248 408 458 618 668 828 988 1038 1198 1308 
1077 1071 1072 1078 44 184 324 354 494 634 664 804 944 1084 1114 1254 
1070 1074 1076 1078 45 185 325 355 495 635 665 805 945 1085 1115 1255 
1070 1074 1073 1079 46 186 326 356 496 636 666 806 946 1086 1116 1256 
1072 1075 1076 1079 47 187 327 357 497 637 667 807 947 1087 1117 1257 
1071 1072 1077 1078 40 180 320 350 490 630 660 800 940 1080 1110 1250 
1073 1076 1077 1078 41 181 321 351 491 631 661 801 941 1081 1111 1251 
1071 1073 1075 1079 42 182 322 352 492 632 662 802 942 1082 1112 1252 
1070 1074 1075 1079 43 183 323 353 493 633 663 803 943 1083 1113 1253 
1070 1071 1074 1075 49 189 329 359 499 639 669 809 949 1089 1119 1259 
1072 1073 1076 1077 48 188 328 358 498 638 668 808 948 1088 1118 1258 
1087 1081 1082 1088 64 164 264 364 464 564 664 874 974 1074 1174 1314 
1080 1084 1086 1088 65 165 265 365 465 565 665 875 975 1075 1175 1315 
1080 1084 1083 1089 66 166 266 366 466 566 666 876 976 1076 1176 1316 
1082 1085 1086 1089 67 167 267 367 467 567 667 877 977 1077 1177 1317 
1081 1082 1087 1088 60 160 260 360 460 560 660 870 970 1070 1170 1310 
1083 1086 1087 1088 61 161 261 361 461 561 661 871 971 1071 1171 1311 
1081 1083 1085 1089 62 162 262 362 462 562 662 872 972 1072 1172 1312 
1080 1084 1085 1089 63 163 263 363 463 563 663 873 973 1073 1173 1313 
1080 1081 1084 1085 69 169 269 369 469 569 669 879 979 1079 1179 1319 
1082 1083 1086 1087 68 168 268 368 468 568 668 878 978 1078 1178 1318 
1097 1091 1092 1098 14 214 304 394 484 574 664 864 954 1044 1134 1264 
1090 1094 1096 1098 15 215 305 395 485 575 665 865 955 1045 1135 1265 
1090 1094 1093 1099 16 216 306 396 486 576 666 866 956 1046 1136 1266 
1092 1095 1096 1099 17 217 307 397 487 577 667 867 957 1047 1137 1267 
1091 1092 1097 1098 10 210 300 390 480 570 660 860 950 1040 1130 1260 
1093 1096 1097 1098 11 211 301 391 481 571 661 861 951 1041 1131 1261 
1091 1093 1095 1099 12 212 302 392 482 572 662 862 952 1042 1132 1262 
1090 1094 1095 1099 13 213 303 393 483 573 663 863 953 1043 1133 1263 
1090 1091 1094 1095 19 219 309 399 489 579 669 869 959 1049 1139 1269 
1092 1093 1096 1097 18 218 308 398 488 578 668 868 958 1048 1138 1268 
1107 1101 1102 1108 114 124 134 144 154 164 174 184 194 204 214 1214 
1100 1104 1106 1108 115 125 135 145 155 165 175 185 195 205 215 1215 
1100 1104 1103 1109 116 126 136 146 156 166 176 186 196 206 216 1216 
1102 1105 1106 1109 117 127 137 147 157 167 177 187 197 207 217 1217 
1101 1102 1107 1108 110 120 130 140 150 160 170 180 190 200 210 1210 
1103 1106 1107 1108 111 121 131 141 151 161 171 181 191 201 211 1211 
1101 1103 1105 1109 112 122 132 142 152 162 172 182 192 202 212 1212 
1100 1104 1105 1109 113 123 133 143 153 163 173 183 193 203 213 1213 
1100 1101 1104 1105 119 129 139 149 159 169 179 189 199 209 219 1219 
1102 1103 1106 1107 118 128 138 148 158 168 178 188 198 208 218 1218 
1117 1111 1112 1118 104 114 234 354 474 594 714 834 954 1074 1194 1224 
1110 1114 1116 1118 105 115 235 355 475 595 715 835 955 1075 1195 1225 
1110 1114 1113 1119 106 116 236 356 476 596 716 836 956 1076 1196 1226 
1112 1115 1116 1119 107 117 237 357 477 597 717 837 957 1077 1197 1227 
1111 1112 1117 1118 100 110 230 350 470 590 710 830 950 1070 1190 1220 
1113 1116 1117 1118 101 111 231 351 471 591 711 831 951 1071 1191 1221 
1111 1113 1115 1119 102 112 232 352 472 592 712 832 952 1072 1192 1222 
1110 1114 1115 1119 103 113 233 353 473 593 713 833 953 1073 1193 1223 
1110 1111 1114 1115 109 119 239 359 479 599 719 839 959 1079 1199 1229 
1112 1113 1116 1117 108 118 238 358 478 598 718 838 958 1078 1198 1228 
1127 1121 1122 1128 54 114 284 344 514 574 744 804 974 1034 1204 1234 
1120 1124 1126 1128 55 115 285 345 515 575 745 805 975 1035 1205 1235 
1120 1124 1123 1129 56 116 286 346 516 576 746 806 976 1036 1206 1236 
1122 1125 1126 1129 57 117 287 347 517 577 747 807 977 1037 1207 1237 
1121 1122 1127 1128 50 110 280 340 510 570 740 800 970 1030 1200 1230 
1123 1126 1127 1128 51 111 281 341 511 571 741 801 971 1031 1201 1231 
1121 1123 1125 1129 52 112 282 342 512 572 742 802 972 1032 1202 1232 
1120 1124 1125 1129 53 113 283 343 513 573 743 803 973 1033 1203 1233 
1120 1121 1124 1125 59 119 289 349 519 579 749 809 979 1039 1209 1239 
1122 1123 1126 1127 58 118 288 348 518 578 748 808 978 1038 1208 1238 
1137 1131 1132 1138 74 114 264 414 454 604 754 794 944 1094 1244 1134 
1130 1134 1136 1138 75 115 265 415 455 605 755 795 945 1095 1245 1135 
1130 1134 1133 1139 76 116 266 416 456 606 756 796 946 1096 1246 1136 
1132 1135 1136 1139 77 117 267 417 457 607 757 797 947 1097 1247 1137 
1131 1132 1137 1138 70 110 260 410 450 600 750 790 940 1090 1240 1130 
1133 1136 1137 1138 71 111 261 411 451 601 751 791 941 1091 1241 1131 
1131 1133 1135 1139 72 112 262 412 452 602 752 792 942 1092 1242 1132 
1130 1134 1135 1139 73 113 263 413 453 603 753 793 943 1093 1243 1133 
1130 1131 1134 1135 79 119 269 419 459 609 759 799 949 1099 1249 1139 
1132 1133 1136 1137 78 118 268 418 458 608 758 798 948 1098 1248 1138 
1147 1141 1142 1148 84 114 254 394 534 564 704 844 984 1014 1154 1254 
1140 1144 1146 1148 85 115 255 395 535 565 705 845 985 1015 1155 1255 
1140 1144 1143 1149 86 116 256 396 536 566 706 846 986 1016 1156 1256 
1142 1145 1146 1149 87 117 257 397 537 567 707 847 987 1017 1157 1257 
1141 1142 1147 1148 80 110 250 390 530 560 700 840 980 1010 1150 1250 
1143 1146 1147 1148 81 111 251 391 531 561 701 841 981 1011 1151 1251 
1141 1143 1145 1149 82 112 252 392 532 562 702 842 982 1012 1152 1252 
1140 1144 1145 1149 83 113 253 393 533 563 703 843 983 1013 1153 1253 
1140 1141 1144 1145 89 119 259 399 539 569 709 849 989 1019 1159 1259 
1142 1143 1146 1147 88 118 258 398 538 568 708 848 988 1018 1158 1258 
1157 1151 1152 1158 24 114 314 404 494 584 674 874 964 1054 1144 1264 
1150 1154 1156 1158 25 115 315 405 495 585 675 875 965 1055 1145 1265 
1150 1154 1153 1159 26 116 316 406 496 586 676 876 966 1056 1146 1266 
1152 1155 1156 1159 27 117 317 407 497 587 677 877 967 1057 1147 1267 
1151 1152 1157 1158 20 110 310 400 490 580 670 870 960 1050 1140 1260 
1153 1156 1157 1158 21 111 311 401 491 581 671 871 961 1051 1141 1261 
1151 1153 1155 1159 22 112 312 402 492 582 672 872 962 1052 1142 1262 
1150 1154 1155 1159 23 113 313 403 493 583 673 873 963 1053 1143 1263 
1150 1151 1154 1155 29 119 319 409 499 589 679 879 969 1059 1149 1269 
1152 1153 1156 1157 28 118 318 408 498 588 678 878 968 1058 1148 1268 
1167 1161 1162 1168 94 114 244 374 504 634 764 784 914 1044 1174 1274 
1160 1164 1166 1168 95 115 245 375 505 635 765 785 915 1045 1175 1275 
1160 1164 1163 1169 96 116 246 376 506 636 766 786 916 1046 1176 1276 
1162 1165 1166 1169 97 117 247 377 507 637 767 787 917 1047 1177 1277 
1161 1162 1167 1168 90 110 240 370 500 630 760 780 910 1040 1170 1270 
1163 1166 1167 1168 91 111 241 371 501 631 761 781 911 1041 1171 1271 
1161 1163 1165 1169 92 112 242 372 502 632 762 782 912 1042 1172 1272 
1160 1164 1165 1169 93 113 243 373 503 633 763 783 913 1043 1173 1273 
1160 1161 1164 1165 99 119 249 379 509 639 769 789 919 1049 1179 1279 
1162 1163 1166 1167 98 118 248 378 508 638 768 788 918 1048 1178 1278 
1177 1171 1172 1178 34 114 304 384 464 654 734 814 894 1084 1164 1284 
1170 1174 1176 1178 35 115 305 385 465 655 735 815 895 1085 1165 1285 
1170 1174 1173 1179 36 116 306 386 466 656 736 816 896 1086 1166 1286 
1172 1175 1176 1179 37 117 307 387 467 657 737 817 897 1087 1167 1287 
1171 1172 1177 1178 30 110 300 380 460 650 730 810 890 1080 1160 1280 
1173 1176 1177 1178 31 111 301 381 461 651 731 811 891 1081 1161 1281 
1171 1173 1175 1179 32 112 302 382 462 652 732 812 892 1082 1162 1282 
1170 1174 1175 1179 33 113 303 383 463 653 733 813 893 1083 1163 1283 
1170 1171 1174 1175 39 119 309 389 469 659 739 819 899 1089 1169 1289 
1172 1173 1176 1177 38 118 308 388 468 658 738 818 898 1088 1168 1288 
1187 1181 1182 1188 44 114 294 364 544 614 684 864 934 1004 1294 1184 
1180 1184 1186 1188 45 115 295 365 545 615 685 865 935 1005 1295 1185 
1180 1184 1183 1189 46 116 296 366 546 616 686 866 936 1006 1296 1186 
1182 1185 1186 1189 47 117 297 367 547 617 687 867 937 1007 1297 1187 
1181 1182 1187 1188 40 110 290 360 540 610 680 860 930 1000 1290 1180 
1183 1186 1187 1188 41 111 291 361 541 611 681 861 931 1001 1291 1181 
1181 1183 1185 1189 42 112 292 362 542 612 682 862 932 1002 1292 1182 
1180 1184 1185 1189 43 113 293 363 543 613 683 863 933 1003 1293 1183 
1180 1181 1184 1185 49 119 299 369 549 619 689 869 939 1009 1299 1189 
1182 1183 1186 1187 48 118 298 368 548 618 688 868 938 1008 1298 1188 
1197 1191 1192 1198 64 114 274 434 484 644 694 854 904 1064 1114 1304 
1190 1194 1196 1198 65 115 275 435 485 645 695 855 905 1065 1115 1305 
1190 1194 1193 1199 66 116 276 436 486 646 696 856 906 1066 1116 1306 
1192 1195 1196 1199 67 117 277 437 487 647 697 857 907 1067 1117 1307 
1191 1192 1197 1198 60 110 270 430 480 640 690 850 900 1060 1110 1300 
1193 1196 1197 1198 61 111 271 431 481 641 691 851 901 1061 1111 1301 
1191 1193 1195 1199 62 112 272 432 482 642 692 852 902 1062 1112 1302 
1190 1194 1195 1199 63 113 273 433 483 643 693 853 903 1063 1113 1303 
1190 1191 1194 1195 69 119 279 439 489 649 699 859 909 1069 1119 1309 
1192 1193 1196 1197 68 118 278 438 488 648 698 858 908 1068 1118 1308 
1207 1201 1202 1208 14 114 324 424 524 624 724 824 924 1024 1124 1314 
1200 1204 1206 1208 15 115 325 425 525 625 725 825 925 1025 1125 1315 
1200 1204 1203 1209 16 116 326 426 526 626 726 826 926 1026 1126 1316 
1202 1205 1206 1209 17 117 327 427 527 627 727 827 927 1027 1127 1317 
1201 1202 1207 1208 10 110 320 420 520 620 720 820 920 1020 1120 1310 
1203 1206 1207 1208 11 111 321 421 521 621 721 821 921 1021 1121 1311 
1201 1203 1205 1209 12 112 322 422 522 622 722 822 922 1022 1122 1312 
1200 1204 1205 1209 13 113 323 423 523 623 723 823 923 1023 1123 1313 
1200 1201 1204 1205 19 119 329 429 529 629 729 829 929 1029 1129 1319 
1202 1203 1206 1207 18 118 328 428 528 628 728 828 928 1028 1128 1318 
1217 1211 1212 1218 4 114 224 334 444 554 664 774 884 994 1104 1324 
1210 1214 1216 1218 5 115 225 335 445 555 665 775 885 995 1105 1325 
1210 1214 1213 1219 6 116 226 336 446 556 666 776 886 996 1106 1326 
1212 1215 1216 1219 7 117 227 337 447 557 667 777 887 997 1107 1327 
1211 1212 1217 1218 0 110 220 330 440 550 660 770 880 990 1100 1320 
1213 1216 1217 1218 1 111 221 331 441 551 661 771 881 991 1101 1321 
1211 1213 1215 1219 2 112 222 332 442 552 662 772 882 992 1102 1322 
1210 1214 1215 1219 3 113 223 333 443 553 663 773 883 993 1103 1323 
1210 1211 1214 1215 9 119 229 339 449 559 669 779 889 999 1109 1329 
1212 1213 1216 1217 8 118 228 338 448 558 668 778 888 998 1108 1328 
1227 1221 1222 1228 4 214 314 414 514 614 714 814 914 1014 1114 1314 
1220 1224 1226 1228 5 215 315 415 515 615 715 815 915 1015 1115 1315 
1220 1224 1223 1229 6 216 316 416 516 616 716 816 916 1016 1116 1316 
1222 1225 1226 1229 7 217 317 417 517 617 717 817 917 1017 1117 1317 
1221 1222 1227 1228 0 210 310 410 510 610 710 810 910 1010 1110 1310 
1223 1226 1227 1228 1 211 311 411 511 611 711 811 911 1011 1111 1311 
1221 1223 1225 1229 2 212 312 412 512 612 712 812 912 1012 1112 1312 
1220 1224 1225 1229 3 213 313 413 513 613 713 813 913 1013 1113 1313 
1220 1221 1224 1225 9 219 319 419 519 619 719 819 919 1019 1119 1319 
1222 1223 1226 1227 8 218 318 418 518 618 718 818 918 1018 1118 1318 
1237 1231 1232 1238 4 204 294 384 474 564 764 854 944 1034 1124 1264 
1230 1234 1236 1238 5 205 295 385 475 565 765 855 945 1035 1125 1265 
1230 1234 1233 1239 6 206 296 386 476 566 766 856 946 1036 1126 1266 
1232 1235 1236 1239 7 207 297 387 477 567 767 857 947 1037 1127 1267 
1231 1232 1237 1238 0 200 290 380 470 560 760 850 940 1030 1120 1260 
1233 1236 1237 1238 1 201 291 381 471 561 761 851 941 1031 1121 1261 
1231 1233 1235 1239 2 202 292 382 472 562 762 852 942 1032 1122 1262 
1230 1234 1235 1239 3 203 293 383 473 563 763 853 943 1033 1123 1263 
1230 1231 1234 1235 9 209 299 389 479 569 769 859 949 1039 1129 1269 
1232 1233 1236 1237 8 208 298 388 478 568 768 858 948 1038 1128 1268 
1247 1241 1242 1248 4 194 274 354 544 624 704 784 974 1054 1134 1284 
1240 1244 1246 1248 5 195 275 355 545 625 705 785 975 1055 1135 1285 
1240 1244 1243 1249 6 196 276 356 546 626 706 786 976 1056 1136 1286 
1242 1245 1246 1249 7 197 277 357 547 627 707 787 977 1057 1137 1287 
1241 1242 1247 1248 0 190 270 350 540 620 700 780 970 1050 1130 1280 
1243 1246 1247 1248 1 191 271 351 541 621 701 781 971 1051 1131 1281 
1241 1243 1245 1249 2 192 272 352 542 622 702 782 972 1052 1132 1282 
1240 1244 1245 1249 3 193 273 353 543 623 703 783 973 1053 1133 1283 
1240 1241 1244 1245 9 199 279 359 549 629 709 789 979 1059 1139 1289 
1242 1243 1246 1247 8 198 278 358 548 628 708 788 978 1058 1138 1288 
1257 1251 1252 1258 4 184 254 434 504 574 754 824 894 1074 1144 1294 
1250 1254 1256 1258 5 185 255 435 505 575 755 825 895 1075 1145 1295 
1250 1254 1253 1259 6 186 256 436 506 576 756 826 896 1076 1146 1296 
1252 1255 1256 1259 7 187 257 437 507 577 757 827 897 1077 1147 1297 
1251 1252 1257 1258 0 180 250 430 500 570 750 820 890 1070 1140 1290 
1253 1256 1257 1258 1 181 251 431 501 571 751 821 891 1071 1141 1291 
1251 1253 1255 1259 2 182 252 432 502 572 752 822 892 1072 1142 1292 
1250 1254 1255 1259 3 183 253 433 503 573 753 823 893 1073 1143 1293 
1250 1251 1254 1255 9 189 259 439 509 579 759 829 899 1079 1149 1299 
1252 1253 1256 1257 8 188 258 438 508 578 758 828 898 1078 1148 1298 
1267 1261 1262 1268 4 174 234 404 464 634 694 864 924 1094 1154 1234 
1260 1264 1266 1268 5 175 235 405 465 635 695 865 925 1095 1155 1235 
1260 1264 1263 1269 6 176 236 406 466 636 696 866 926 1096 1156 1236 
1262 1265 1266 1269 7 177 237 407 467 637 697 867 927 1097 1157 1237 
1261 1262 1267 1268 0 170 230 400 460 630 690 860 920 1090 1150 1230 
1263 1266 1267 1268 1 171 231 401 461 631 691 861 921 1091 1151 1231 
1261 1263 1265 1269 2 172 232 402 462 632 692 862 922 1092 1152 1232 
1260 1264 1265 1269 3 173 233 403 463 633 693 863 923 1093 1153 1233 
1260 1261 1264 1265 9 179 239 409 469 639 699 869 929 1099 1159 1239 
1262 1263 1266 1267 8 178 238 408 468 638 698 868 928 1098 1158 1238 
1277 1271 1272 1278 4 164 324 374 534 584 744 794 954 1004 1164 1304 
1270 1274 1276 1278 5 165 325 375 535 585 745 795 955 1005 1165 1305 
1270 1274 1273 1279 6 166 326 376 536 586 746 796 956 1006 1166 1306 
1272 1275 1276 1279 7 167 327 377 537 587 747 797 957 1007 1167 1307 
1271 1272 1277 1278 0 160 320 370 530 580 740 790 950 1000 1160 1300 
1273 1276 1277 1278 1 161 321 371 531 581 741 791 951 1001 1161 1301 
1271 1273 1275 1279 2 162 322 372 532 582 742 792 952 1002 1162 1302 
1270 1274 1275 1279 3 163 323 373 533 583 743 793 953 1003 1163 1303 
1270 1271 1274 1275 9 169 329 379 539 589 749 799 959 1009 1169 1309 
1272 1273 1276 1277 8 168 328 378 538 588 748 798 958 1008 1168 1308 
1287 1281 1282 1288 4 154 304 344 494 644 684 834 984 1024 1174 1244 
1280 1284 1286 1288 5 155 305 345 495 645 685 835 985 1025 1175 1245 
1280 1284 1283 1289 6 156 306 346 496 646 686 836 986 1026 1176 1246 
1282 1285 1286 1289 7 157 307 347 497 647 687 837 987 1027 1177 1247 
1281 1282 1287 1288 0 150 300 340 490 640 680 830 980 1020 1170 1240 
1283 1286 1287 1288 1 151 301 341 491 641 681 831 981 1021 1171 1241 
1281 1283 1285 1289 2 152 302 342 492 642 682 832 982 1022 1172 1242 
1280 1284 1285 1289 3 153 303 343 493 643 683 833 983 1023 1173 1243 
1280 1281 1284 1285 9 159 309 349 499 649 689 839 989 1029 1179 1249 
1282 1283 1286 1287 8 158 308 348 498 648 688 838 988 1028 1178 1248 
1297 1291 1292 1298 4 144 284 424 454 594 734 874 904 1044 1184 1254 
1290 1294 1296 1298 5 145 285 425 455 595 735 875 905 1045 1185 1255 
1290 1294 1293 1299 6 146 286 426 456 596 736 876 906 1046 1186 1256 
1292 1295 1296 1299 7 147 287 427 457 597 737 877 907 1047 1187 1257 
1291 1292 1297 1298 0 140 280 420 450 590 730 870 900 1040 1180 1250 
1293 1296 1297 1298 1 141 281 421 451 591 731 871 901 1041 1181 1251 
1291 1293 1295 1299 2 142 282 422 452 592 732 872 902 1042 1182 1252 
1290 1294 1295 1299 3 143 283 423 453 593 733 873 903 1043 1183 1253 
1290 1291 1294 1295 9 149 289 429 459 599 739 879 909 1049 1189 1259 
1292 1293 1296 1297 8 148 288 428 458 598 738 878 908 1048 1188 1258 
1307 1301 1302 1308 4 134 264 394 524 654 674 804 934 1064 1194 1274 
1300 1304 1306 1308 5 135 265 395 525 655 675 805 935 1065 1195 1275 
1300 1304 1303 1309 6 136 266 396 526 656 676 806 936 1066 1196 1276 
1302 1305 1306 1309 7 137 267 397 527 657 677 807 937 1067 1197 1277 
1301 1302 1307 1308 0 130 260 390 520 650 670 800 930 1060 1190 1270 
1303 1306 1307 1308 1 131 261 391 521 651 671 801 931 1061 1191 1271 
1301 1303 1305 1309 2 132 262 392 522 652 672 802 932 1062 1192 1272 
1300 1304 1305 1309 3 133 263 393 523 653 673 803 933 1063 1193 1273 
1300 1301 1304 1305 9 139 269 399 529 659 679 809 939 1069 1199 1279 
1302 1303 1306 1307 8 138 268 398 528 658 678 808 938 1068 1198 1278 
1317 1311 1312 1318 4 124 244 364 484 604 724 844 964 1084 1204 1224 
1310 1314 1316 1318 5 125 245 365 485 605 725 845 965 1085 1205 1225 
1310 1314 1313 1319 6 126 246 366 486 606 726 846 966 1086 1206 1226 
1312 1315 1316 1319 7 127 247 367 487 607 727 847 967 1087 1207 1227 
1311 1312 1317 1318 0 120 240 360 480 600 720 840 960 1080 1200 1220 
1313 1316 1317 1318 1 121 241 361 481 601 721 841 961 1081 1201 1221 
1311 1313 1315 1319 2 122 242 362 482 602 722 842 962 1082 1202 1222 
1310 1314 1315 1319 3 123 243 363 483 603 723 843 963 1083 1203 1223 
1310 1311 1314 1315 9 129 249 369 489 609 729 849 969 1089 1209 1229 
1312 1313 1316 1317 8 128 248 368 488 608 728 848 968 1088 1208 1228 
1327 1321 1322 1328 4 14 24 34 44 54 64 74 84 94 104 1214 
1320 1324 1326 1328 5 15 25 35 45 55 65 75 85 95 105 1215 
1320 1324 1323 1329 6 16 26 36 46 56 66 76 86 96 106 1216 
1322 1325 1326 1329 7 17 27 37 47 57 67 77 87 97 107 1217 
1321 1322 1327 1328 0 10 20 30 40 50 60 70 80 90 100 1210 
1323 1326 1327 1328 1 11 21 31 41 51 61 71 81 91 101 1211 
1321 1323 1325 1329 2 12 22 32 42 52 62 72 82 92 102 1212 
1320 1324 1325 1329 3 13 23 33 43 53 63 73 83 93 103 1213 
1320 1321 1324 1325 9 19 29 39 49 59 69 79 89 99 109 1219 
1322 1323 1326 1327 8 18 28 38 48 58 68 78 88 98 108 1218 
