729 8748
1 2 3 4 5 6 7 8 9 18 27 36 45 54 63 72 81 162 243 324 405 486 567 648 
0 2 3 4 5 6 7 8 10 19 28 37 46 55 64 73 82 163 244 325 406 487 568 649 
0 1 3 4 5 6 7 8 11 20 29 38 47 56 65 74 83 164 245 326 407 488 569 650 
0 1 2 4 5 6 7 8 12 21 30 39 48 57 66 75 84 165 246 327 408 489 570 651 
0 1 2 3 5 6 7 8 13 22 31 40 49 58 67 76 85 166 247 328 409 490 571 652 
0 1 2 3 4 6 7 8 14 23 32 41 50 59 68 77 86 167 248 329 410 491 572 653 
0 1 2 3 4 5 7 8 15 24 33 42 51 60 69 78 87 168 249 330 411 492 573 654 
0 1 2 3 4 5 6 8 16 25 34 43 52 61 70 79 88 169 250 331 412 493 574 655 
0 1 2 3 4 5 6 7 17 26 35 44 53 62 71 80 89 170 251 332 413 494 575 656 
0 10 11 12 13 14 15 16 17 18 27 36 45 54 63 72 90 171 252 333 414 495 576 657 
1 9 11 12 13 14 15 16 17 19 28 37 46 55 64 73 91 172 253 334 415 496 577 658 
2 9 10 12 13 14 15 16 17 20 29 38 47 56 65 74 92 173 254 335 416 497 578 659 
3 9 10 11 13 14 15 16 17 21 30 39 48 57 66 75 93 174 255 336 417 498 579 660 
4 9 10 11 12 14 15 16 17 22 31 40 49 58 67 76 94 175 256 337 418 499 580 661 
5 9 10 11 12 13 15 16 17 23 32 41 50 59 68 77 95 176 257 338 419 500 581 662 
6 9 10 11 12 13 14 16 17 24 33 42 51 60 69 78 96 177 258 339 420 501 582 663 
7 9 10 11 12 13 14 15 17 25 34 43 52 61 70 79 97 178 259 340 421 502 583 664 
8 9 10 11 12 13 14 15 16 26 35 44 53 62 71 80 98 179 260 341 422 503 584 665 
0 9 19 20 21 22 23 24 25 26 27 36 45 54 63 72 99 180 261 342 423 504 585 666 
1 10 18 20 21 22 23 24 25 26 28 37 46 55 64 73 100 181 262 343 424 505 586 667 
2 11 18 19 21 22 23 24 25 26 29 38 47 56 65 74 101 182 263 344 425 506 587 668 
3 12 18 19 20 22 23 24 25 26 30 39 48 57 66 75 102 183 264 345 426 507 588 669 
4 13 18 19 20 21 23 24 25 26 31 40 49 58 67 76 103 184 265 346 427 508 589 670 
5 14 18 19 20 21 22 24 25 26 32 41 50 59 68 77 104 185 266 347 428 509 590 671 
6 15 18 19 20 21 22 23 25 26 33 42 51 60 69 78 105 186 267 348 429 510 591 672 
7 16 18 19 20 21 22 23 24 26 34 43 52 61 70 79 106 187 268 349 430 511 592 673 
8 17 18 19 20 21 22 23 24 25 35 44 53 62 71 80 107 188 269 350 431 512 593 674 
0 9 18 28 29 30 31 32 33 34 35 36 45 54 63 72 108 189 270 351 432 513 594 675 
1 10 19 27 29 30 31 32 33 34 35 37 46 55 64 73 109 190 271 352 433 514 595 676 
2 11 20 27 28 30 31 32 33 34 35 38 47 56 65 74 110 191 272 353 434 515 596 677 
3 12 21 27 28 29 31 32 33 34 35 39 48 57 66 75 111 192 273 354 435 516 597 678 
4 13 22 27 28 29 30 32 33 34 35 40 49 58 67 76 112 193 274 355 436 517 598 679 
5 14 23 27 28 29 30 31 33 34 35 41 50 59 68 77 113 194 275 356 437 518 599 680 
6 15 24 27 28 29 30 31 32 34 35 42 51 60 69 78 114 195 276 357 438 519 600 681 
7 16 25 27 28 29 30 31 32 33 35 43 52 61 70 79 115 196 277 358 439 520 601 682 
8 17 26 27 28 29 30 31 32 33 34 44 53 62 71 80 116 197 278 359 440 521 602 683 
0 9 18 27 37 38 39 40 41 42 43 44 45 54 63 72 117 198 279 360 441 522 603 684 
1 10 19 28 36 38 39 40 41 42 43 44 46 55 64 73 118 199 280 361 442 523 604 685 
2 11 20 29 36 37 39 40 41 42 43 44 47 56 65 74 119 200 281 362 443 524 605 686 
3 12 21 30 36 37 38 40 41 42 43 44 48 57 66 75 120 201 282 363 444 525 606 687 
4 13 22 31 36 37 38 39 41 42 43 44 49 58 67 76 121 202 283 364 445 526 607 688 
5 14 23 32 36 37 38 39 40 42 43 44 50 59 68 77 122 203 284 365 446 527 608 689 
6 15 24 33 36 37 38 39 40 41 43 44 51 60 69 78 123 204 285 366 447 528 609 690 
7 16 25 34 36 37 38 39 40 41 42 44 52 61 70 79 124 205 286 367 448 529 610 691 
8 17 26 35 36 37 38 39 40 41 42 43 53 62 71 80 125 206 287 368 449 530 611 692 
0 9 18 27 36 46 47 48 49 50 51 52 53 54 63 72 126 207 288 369 450 531 612 693 
1 10 19 28 37 45 47 48 49 50 51 52 53 55 64 73 127 208 289 370 451 532 613 694 
2 11 20 29 38 45 46 48 49 50 51 52 53 56 65 74 128 209 290 371 452 533 614 695 
3 12 21 30 39 45 46 47 49 50 51 52 53 57 66 75 129 210 291 372 453 534 615 696 
4 13 22 31 40 45 46 47 48 50 51 52 53 58 67 76 130 211 292 373 454 535 616 697 
5 14 23 32 41 45 46 47 48 49 51 52 53 59 68 77 131 212 293 374 455 536 617 698 
6 15 24 33 42 45 46 47 48 49 50 52 53 60 69 78 132 213 294 375 456 537 618 699 
7 16 25 34 43 45 46 47 48 49 50 51 53 61 70 79 133 214 295 376 457 538 619 700 
8 17 26 35 44 45 46 47 48 49 50 51 52 62 71 80 134 215 296 377 458 539 620 701 
0 9 18 27 36 45 55 56 57 58 59 60 61 62 63 72 135 216 297 378 459 540 621 702 
1 10 19 28 37 46 54 56 57 58 59 60 61 62 64 73 136 217 298 379 460 541 622 703 
2 11 20 29 38 47 54 55 57 58 59 60 61 62 65 74 137 218 299 380 461 542 623 704 
3 12 21 30 39 48 54 55 56 58 59 60 61 62 66 75 138 219 300 381 462 543 624 705 
4 13 22 31 40 49 54 55 56 57 59 60 61 62 67 76 139 220 301 382 463 544 625 706 
5 14 23 32 41 50 54 55 56 57 58 60 61 62 68 77 140 221 302 383 464 545 626 707 
6 15 24 33 42 51 54 55 56 57 58 59 61 62 69 78 141 222 303 384 465 546 627 708 
7 16 25 34 43 52 54 55 56 57 58 59 60 62 70 79 142 223 304 385 466 547 628 709 
8 17 26 35 44 53 54 55 56 57 58 59 60 61 71 80 143 224 305 386 467 548 629 710 
0 9 18 27 36 45 54 64 65 66 67 68 69 70 71 72 144 225 306 387 468 549 630 711 
1 10 19 28 37 46 55 63 65 66 67 68 69 70 71 73 145 226 307 388 469 550 631 712 
2 11 20 29 38 47 56 63 64 66 67 68 69 70 71 74 146 227 308 389 470 551 632 713 
3 12 21 30 39 48 57 63 64 65 67 68 69 70 71 75 147 228 309 390 471 552 633 714 
4 13 22 31 40 49 58 63 64 65 66 68 69 70 71 76 148 229 310 391 472 553 634 715 
5 14 23 32 41 50 59 63 64 65 66 67 69 70 71 77 149 230 311 392 473 554 635 716 
6 15 24 33 42 51 60 63 64 65 66 67 68 70 71 78 150 231 312 393 474 555 636 717 
7 16 25 34 43 52 61 63 64 65 66 67 68 69 71 79 151 232 313 394 475 556 637 718 
8 17 26 35 44 53 62 63 64 65 66 67 68 69 70 80 152 233 314 395 476 557 638 719 
0 9 18 27 36 45 54 63 73 74 75 76 77 78 79 80 153 234 315 396 477 558 639 720 
1 10 19 28 37 46 55 64 72 74 75 76 77 78 79 80 154 235 316 397 478 559 640 721 
2 11 20 29 38 47 56 65 72 73 75 76 77 78 79 80 155 236 317 398 479 560 641 722 
3 12 21 30 39 48 57 66 72 73 74 76 77 78 79 80 156 237 318 399 480 561 642 723 
4 13 22 31 40 49 58 67 72 73 74 75 77 78 79 80 157 238 319 400 481 562 643 724 
5 14 23 32 41 50 59 68 72 73 74 75 76 78 79 80 158 239 320 401 482 563 644 725 
6 15 24 33 42 51 60 69 72 73 74 75 76 77 79 80 159 240 321 402 483 564 645 726 
7 16 25 34 43 52 61 70 72 73 74 75 76 77 78 80 160 241 322 403 484 565 646 727 
8 17 26 35 44 53 62 71 72 73 74 75 76 77 78 79 161 242 323 404 485 566 647 728 
0 82 83 84 85 86 87 88 89 90 99 108 117 126 135 144 153 162 243 324 405 486 567 648 
1 81 83 84 85 86 87 88 89 91 100 109 118 127 136 145 154 163 244 325 406 487 568 649 
2 81 82 84 85 86 87 88 89 92 101 110 119 128 137 146 155 164 245 326 407 488 569 650 
3 81 82 83 85 86 87 88 89 93 102 111 120 129 138 147 156 165 246 327 408 489 570 651 
4 81 82 83 84 86 87 88 89 94 103 112 121 130 139 148 157 166 247 328 409 490 571 652 
5 81 82 83 84 85 87 88 89 95 104 113 122 131 140 149 158 167 248 329 410 491 572 653 
6 81 82 83 84 85 86 88 89 96 105 114 123 132 141 150 159 168 249 330 411 492 573 654 
7 81 82 83 84 85 86 87 89 97 106 115 124 133 142 151 160 169 250 331 412 493 574 655 
8 81 82 83 84 85 86 87 88 98 107 116 125 134 143 152 161 170 251 332 413 494 575 656 
9 81 91 92 93 94 95 96 97 98 99 108 117 126 135 144 153 171 252 333 414 495 576 657 
10 82 90 92 93 94 95 96 97 98 100 109 118 127 136 145 154 172 253 334 415 496 577 658 
11 83 90 91 93 94 95 96 97 98 101 110 119 128 137 146 155 173 254 335 416 497 578 659 
12 84 90 91 92 94 95 96 97 98 102 111 120 129 138 147 156 174 255 336 417 498 579 660 
13 85 90 91 92 93 95 96 97 98 103 112 121 130 139 148 157 175 256 337 418 499 580 661 
14 86 90 91 92 93 94 96 97 98 104 113 122 131 140 149 158 176 257 338 419 500 581 662 
15 87 90 91 92 93 94 95 97 98 105 114 123 132 141 150 159 177 258 339 420 501 582 663 
16 88 90 91 92 93 94 95 96 98 106 115 124 133 142 151 160 178 259 340 421 502 583 664 
17 89 90 91 92 93 94 95 96 97 107 116 125 134 143 152 161 179 260 341 422 503 584 665 
18 81 90 100 101 102 103 104 105 106 107 108 117 126 135 144 153 180 261 342 423 504 585 666 
19 82 91 99 101 102 103 104 105 106 107 109 118 127 136 145 154 181 262 343 424 505 586 667 
20 83 92 99 100 102 103 104 105 106 107 110 119 128 137 146 155 182 263 344 425 506 587 668 
21 84 93 99 100 101 103 104 105 106 107 111 120 129 138 147 156 183 264 345 426 507 588 669 
22 85 94 99 100 101 102 104 105 106 107 112 121 130 139 148 157 184 265 346 427 508 589 670 
23 86 95 99 100 101 102 103 105 106 107 113 122 131 140 149 158 185 266 347 428 509 590 671 
24 87 96 99 100 101 102 103 104 106 107 114 123 132 141 150 159 186 267 348 429 510 591 672 
25 88 97 99 100 101 102 103 104 105 107 115 124 133 142 151 160 187 268 349 430 511 592 673 
26 89 98 99 100 101 102 103 104 105 106 116 125 134 143 152 161 188 269 350 431 512 593 674 
27 81 90 99 109 110 111 112 113 114 115 116 117 126 135 144 153 189 270 351 432 513 594 675 
28 82 91 100 108 110 111 112 113 114 115 116 118 127 136 145 154 190 271 352 433 514 595 676 
29 83 92 101 108 109 111 112 113 114 115 116 119 128 137 146 155 191 272 353 434 515 596 677 
30 84 93 102 108 109 110 112 113 114 115 116 120 129 138 147 156 192 273 354 435 516 597 678 
31 85 94 103 108 109 110 111 113 114 115 116 121 130 139 148 157 193 274 355 436 517 598 679 
32 86 95 104 108 109 110 111 112 114 115 116 122 131 140 149 158 194 275 356 437 518 599 680 
33 87 96 105 108 109 110 111 112 113 115 116 123 132 141 150 159 195 276 357 438 519 600 681 
34 88 97 106 108 109 110 111 112 113 114 116 124 133 142 151 160 196 277 358 439 520 601 682 
35 89 98 107 108 109 110 111 112 113 114 115 125 134 143 152 161 197 278 359 440 521 602 683 
36 81 90 99 108 118 119 120 121 122 123 124 125 126 135 144 153 198 279 360 441 522 603 684 
37 82 91 100 109 117 119 120 121 122 123 124 125 127 136 145 154 199 280 361 442 523 604 685 
38 83 92 101 110 117 118 120 121 122 123 124 125 128 137 146 155 200 281 362 443 524 605 686 
39 84 93 102 111 117 118 119 121 122 123 124 125 129 138 147 156 201 282 363 444 525 606 687 
40 85 94 103 112 117 118 119 120 122 123 124 125 130 139 148 157 202 283 364 445 526 607 688 
41 86 95 104 113 117 118 119 120 121 123 124 125 131 140 149 158 203 284 365 446 527 608 689 
42 87 96 105 114 117 118 119 120 121 122 124 125 132 141 150 159 204 285 366 447 528 609 690 
43 88 97 106 115 117 118 119 120 121 122 123 125 133 142 151 160 205 286 367 448 529 610 691 
44 89 98 107 116 117 118 119 120 121 122 123 124 134 143 152 161 206 287 368 449 530 611 692 
45 81 90 99 108 117 127 128 129 130 131 132 133 134 135 144 153 207 288 369 450 531 612 693 
46 82 91 100 109 118 126 128 129 130 131 132 133 134 136 145 154 208 289 370 451 532 613 694 
47 83 92 101 110 119 126 127 129 130 131 132 133 134 137 146 155 209 290 371 452 533 614 695 
48 84 93 102 111 120 126 127 128 130 131 132 133 134 138 147 156 210 291 372 453 534 615 696 
49 85 94 103 112 121 126 127 128 129 131 132 133 134 139 148 157 211 292 373 454 535 616 697 
50 86 95 104 113 122 126 127 128 129 130 132 133 134 140 149 158 212 293 374 455 536 617 698 
51 87 96 105 114 123 126 127 128 129 130 131 133 134 141 150 159 213 294 375 456 537 618 699 
52 88 97 106 115 124 126 127 128 129 130 131 132 134 142 151 160 214 295 376 457 538 619 700 
53 89 98 107 116 125 126 127 128 129 130 131 132 133 143 152 161 215 296 377 458 539 620 701 
54 81 90 99 108 117 126 136 137 138 139 140 141 142 143 144 153 216 297 378 459 540 621 702 
55 82 91 100 109 118 127 135 137 138 139 140 141 142 143 145 154 217 298 379 460 541 622 703 
56 83 92 101 110 119 128 135 136 138 139 140 141 142 143 146 155 218 299 380 461 542 623 704 
57 84 93 102 111 120 129 135 136 137 139 140 141 142 143 147 156 219 300 381 462 543 624 705 
58 85 94 103 112 121 130 135 136 137 138 140 141 142 143 148 157 220 301 382 463 544 625 706 
59 86 95 104 113 122 131 135 136 137 138 139 141 142 143 149 158 221 302 383 464 545 626 707 
60 87 96 105 114 123 132 135 136 137 138 139 140 142 143 150 159 222 303 384 465 546 627 708 
61 88 97 106 115 124 133 135 136 137 138 139 140 141 143 151 160 223 304 385 466 547 628 709 
62 89 98 107 116 125 134 135 136 137 138 139 140 141 142 152 161 224 305 386 467 548 629 710 
63 81 90 99 108 117 126 135 145 146 147 148 149 150 151 152 153 225 306 387 468 549 630 711 
64 82 91 100 109 118 127 136 144 146 147 148 149 150 151 152 154 226 307 388 469 550 631 712 
65 83 92 101 110 119 128 137 144 145 147 148 149 150 151 152 155 227 308 389 470 551 632 713 
66 84 93 102 111 120 129 138 144 145 146 148 149 150 151 152 156 228 309 390 471 552 633 714 
67 85 94 103 112 121 130 139 144 145 146 147 149 150 151 152 157 229 310 391 472 553 634 715 
68 86 95 104 113 122 131 140 144 145 146 147 148 150 151 152 158 230 311 392 473 554 635 716 
69 87 96 105 114 123 132 141 144 145 146 147 148 149 151 152 159 231 312 393 474 555 636 717 
70 88 97 106 115 124 133 142 144 145 146 147 148 149 150 152 160 232 313 394 475 556 637 718 
71 89 98 107 116 125 134 143 144 145 146 147 148 149 150 151 161 233 314 395 476 557 638 719 
72 81 90 99 108 117 126 135 144 154 155 156 157 158 159 160 161 234 315 396 477 558 639 720 
73 82 91 100 109 118 127 136 145 153 155 156 157 158 159 160 161 235 316 397 478 559 640 721 
74 83 92 101 110 119 128 137 146 153 154 156 157 158 159 160 161 236 317 398 479 560 641 722 
75 84 93 102 111 120 129 138 147 153 154 155 157 158 159 160 161 237 318 399 480 561 642 723 
76 85 94 103 112 121 130 139 148 153 154 155 156 158 159 160 161 238 319 400 481 562 643 724 
77 86 95 104 113 122 131 140 149 153 154 155 156 157 159 160 161 239 320 401 482 563 644 725 
78 87 96 105 114 123 132 141 150 153 154 155 156 157 158 160 161 240 321 402 483 564 645 726 
79 88 97 106 115 124 133 142 151 153 154 155 156 157 158 159 161 241 322 403 484 565 646 727 
80 89 98 107 116 125 134 143 152 153 154 155 156 157 158 159 160 242 323 404 485 566 647 728 
0 81 163 164 165 166 167 168 169 170 171 180 189 198 207 216 225 234 243 324 405 486 567 648 
1 82 162 164 165 166 167 168 169 170 172 181 190 199 208 217 226 235 244 325 406 487 568 649 
2 83 162 163 165 166 167 168 169 170 173 182 191 200 209 218 227 236 245 326 407 488 569 650 
3 84 162 163 164 166 167 168 169 170 174 183 192 201 210 219 228 237 246 327 408 489 570 651 
4 85 162 163 164 165 167 168 169 170 175 184 193 202 211 220 229 238 247 328 409 490 571 652 
5 86 162 163 164 165 166 168 169 170 176 185 194 203 212 221 230 239 248 329 410 491 572 653 
6 87 162 163 164 165 166 167 169 170 177 186 195 204 213 222 231 240 249 330 411 492 573 654 
7 88 162 163 164 165 166 167 168 170 178 187 196 205 214 223 232 241 250 331 412 493 574 655 
8 89 162 163 164 165 166 167 168 169 179 188 197 206 215 224 233 242 251 332 413 494 575 656 
9 90 162 172 173 174 175 176 177 178 179 180 189 198 207 216 225 234 252 333 414 495 576 657 
10 91 163 171 173 174 175 176 177 178 179 181 190 199 208 217 226 235 253 334 415 496 577 658 
11 92 164 171 172 174 175 176 177 178 179 182 191 200 209 218 227 236 254 335 416 497 578 659 
12 93 165 171 172 173 175 176 177 178 179 183 192 201 210 219 228 237 255 336 417 498 579 660 
13 94 166 171 172 173 174 176 177 178 179 184 193 202 211 220 229 238 256 337 418 499 580 661 
14 95 167 171 172 173 174 175 177 178 179 185 194 203 212 221 230 239 257 338 419 500 581 662 
15 96 168 171 172 173 174 175 176 178 179 186 195 204 213 222 231 240 258 339 420 501 582 663 
16 97 169 171 172 173 174 175 176 177 179 187 196 205 214 223 232 241 259 340 421 502 583 664 
17 98 170 171 172 173 174 175 176 177 178 188 197 206 215 224 233 242 260 341 422 503 584 665 
18 99 162 171 181 182 183 184 185 186 187 188 189 198 207 216 225 234 261 342 423 504 585 666 
19 100 163 172 180 182 183 184 185 186 187 188 190 199 208 217 226 235 262 343 424 505 586 667 
20 101 164 173 180 181 183 184 185 186 187 188 191 200 209 218 227 236 263 344 425 506 587 668 
21 102 165 174 180 181 182 184 185 186 187 188 192 201 210 219 228 237 264 345 426 507 588 669 
22 103 166 175 180 181 182 183 185 186 187 188 193 202 211 220 229 238 265 346 427 508 589 670 
23 104 167 176 180 181 182 183 184 186 187 188 194 203 212 221 230 239 266 347 428 509 590 671 
24 105 168 177 180 181 182 183 184 185 187 188 195 204 213 222 231 240 267 348 429 510 591 672 
25 106 169 178 180 181 182 183 184 185 186 188 196 205 214 223 232 241 268 349 430 511 592 673 
26 107 170 179 180 181 182 183 184 185 186 187 197 206 215 224 233 242 269 350 431 512 593 674 
27 108 162 171 180 190 191 192 193 194 195 196 197 198 207 216 225 234 270 351 432 513 594 675 
28 109 163 172 181 189 191 192 193 194 195 196 197 199 208 217 226 235 271 352 433 514 595 676 
29 110 164 173 182 189 190 192 193 194 195 196 197 200 209 218 227 236 272 353 434 515 596 677 
30 111 165 174 183 189 190 191 193 194 195 196 197 201 210 219 228 237 273 354 435 516 597 678 
31 112 166 175 184 189 190 191 192 194 195 196 197 202 211 220 229 238 274 355 436 517 598 679 
32 113 167 176 185 189 190 191 192 193 195 196 197 203 212 221 230 239 275 356 437 518 599 680 
33 114 168 177 186 189 190 191 192 193 194 196 197 204 213 222 231 240 276 357 438 519 600 681 
34 115 169 178 187 189 190 191 192 193 194 195 197 205 214 223 232 241 277 358 439 520 601 682 
35 116 170 179 188 189 190 191 192 193 194 195 196 206 215 224 233 242 278 359 440 521 602 683 
36 117 162 171 180 189 199 200 201 202 203 204 205 206 207 216 225 234 279 360 441 522 603 684 
37 118 163 172 181 190 198 200 201 202 203 204 205 206 208 217 226 235 280 361 442 523 604 685 
38 119 164 173 182 191 198 199 201 202 203 204 205 206 209 218 227 236 281 362 443 524 605 686 
39 120 165 174 183 192 198 199 200 202 203 204 205 206 210 219 228 237 282 363 444 525 606 687 
40 121 166 175 184 193 198 199 200 201 203 204 205 206 211 220 229 238 283 364 445 526 607 688 
41 122 167 176 185 194 198 199 200 201 202 204 205 206 212 221 230 239 284 365 446 527 608 689 
42 123 168 177 186 195 198 199 200 201 202 203 205 206 213 222 231 240 285 366 447 528 609 690 
43 124 169 178 187 196 198 199 200 201 202 203 204 206 214 223 232 241 286 367 448 529 610 691 
44 125 170 179 188 197 198 199 200 201 202 203 204 205 215 224 233 242 287 368 449 530 611 692 
45 126 162 171 180 189 198 208 209 210 211 212 213 214 215 216 225 234 288 369 450 531 612 693 
46 127 163 172 181 190 199 207 209 210 211 212 213 214 215 217 226 235 289 370 451 532 613 694 
47 128 164 173 182 191 200 207 208 210 211 212 213 214 215 218 227 236 290 371 452 533 614 695 
48 129 165 174 183 192 201 207 208 209 211 212 213 214 215 219 228 237 291 372 453 534 615 696 
49 130 166 175 184 193 202 207 208 209 210 212 213 214 215 220 229 238 292 373 454 535 616 697 
50 131 167 176 185 194 203 207 208 209 210 211 213 214 215 221 230 239 293 374 455 536 617 698 
51 132 168 177 186 195 204 207 208 209 210 211 212 214 215 222 231 240 294 375 456 537 618 699 
52 133 169 178 187 196 205 207 208 209 210 211 212 213 215 223 232 241 295 376 457 538 619 700 
53 134 170 179 188 197 206 207 208 209 210 211 212 213 214 224 233 242 296 377 458 539 620 701 
54 135 162 171 180 189 198 207 217 218 219 220 221 222 223 224 225 234 297 378 459 540 621 702 
55 136 163 172 181 190 199 208 216 218 219 220 221 222 223 224 226 235 298 379 460 541 622 703 
56 137 164 173 182 191 200 209 216 217 219 220 221 222 223 224 227 236 299 380 461 542 623 704 
57 138 165 174 183 192 201 210 216 217 218 220 221 222 223 224 228 237 300 381 462 543 624 705 
58 139 166 175 184 193 202 211 216 217 218 219 221 222 223 224 229 238 301 382 463 544 625 706 
59 140 167 176 185 194 203 212 216 217 218 219 220 222 223 224 230 239 302 383 464 545 626 707 
60 141 168 177 186 195 204 213 216 217 218 219 220 221 223 224 231 240 303 384 465 546 627 708 
61 142 169 178 187 196 205 214 216 217 218 219 220 221 222 224 232 241 304 385 466 547 628 709 
62 143 170 179 188 197 206 215 216 217 218 219 220 221 222 223 233 242 305 386 467 548 629 710 
63 144 162 171 180 189 198 207 216 226 227 228 229 230 231 232 233 234 306 387 468 549 630 711 
64 145 163 172 181 190 199 208 217 225 227 228 229 230 231 232 233 235 307 388 469 550 631 712 
65 146 164 173 182 191 200 209 218 225 226 228 229 230 231 232 233 236 308 389 470 551 632 713 
66 147 165 174 183 192 201 210 219 225 226 227 229 230 231 232 233 237 309 390 471 552 633 714 
67 148 166 175 184 193 202 211 220 225 226 227 228 230 231 232 233 238 310 391 472 553 634 715 
68 149 167 176 185 194 203 212 221 225 226 227 228 229 231 232 233 239 311 392 473 554 635 716 
69 150 168 177 186 195 204 213 222 225 226 227 228 229 230 232 233 240 312 393 474 555 636 717 
70 151 169 178 187 196 205 214 223 225 226 227 228 229 230 231 233 241 313 394 475 556 637 718 
71 152 170 179 188 197 206 215 224 225 226 227 228 229 230 231 232 242 314 395 476 557 638 719 
72 153 162 171 180 189 198 207 216 225 235 236 237 238 239 240 241 242 315 396 477 558 639 720 
73 154 163 172 181 190 199 208 217 226 234 236 237 238 239 240 241 242 316 397 478 559 640 721 
74 155 164 173 182 191 200 209 218 227 234 235 237 238 239 240 241 242 317 398 479 560 641 722 
75 156 165 174 183 192 201 210 219 228 234 235 236 238 239 240 241 242 318 399 480 561 642 723 
76 157 166 175 184 193 202 211 220 229 234 235 236 237 239 240 241 242 319 400 481 562 643 724 
77 158 167 176 185 194 203 212 221 230 234 235 236 237 238 240 241 242 320 401 482 563 644 725 
78 159 168 177 186 195 204 213 222 231 234 235 236 237 238 239 241 242 321 402 483 564 645 726 
79 160 169 178 187 196 205 214 223 232 234 235 236 237 238 239 240 242 322 403 484 565 646 727 
80 161 170 179 188 197 206 215 224 233 234 235 236 237 238 239 240 241 323 404 485 566 647 728 
0 81 162 244 245 246 247 248 249 250 251 252 261 270 279 288 297 306 315 324 405 486 567 648 
1 82 163 243 245 246 247 248 249 250 251 253 262 271 280 289 298 307 316 325 406 487 568 649 
2 83 164 243 244 246 247 248 249 250 251 254 263 272 281 290 299 308 317 326 407 488 569 650 
3 84 165 243 244 245 247 248 249 250 251 255 264 273 282 291 300 309 318 327 408 489 570 651 
4 85 166 243 244 245 246 248 249 250 251 256 265 274 283 292 301 310 319 328 409 490 571 652 
5 86 167 243 244 245 246 247 249 250 251 257 266 275 284 293 302 311 320 329 410 491 572 653 
6 87 168 243 244 245 246 247 248 250 251 258 267 276 285 294 303 312 321 330 411 492 573 654 
7 88 169 243 244 245 246 247 248 249 251 259 268 277 286 295 304 313 322 331 412 493 574 655 
8 89 170 243 244 245 246 247 248 249 250 260 269 278 287 296 305 314 323 332 413 494 575 656 
9 90 171 243 253 254 255 256 257 258 259 260 261 270 279 288 297 306 315 333 414 495 576 657 
10 91 172 244 252 254 255 256 257 258 259 260 262 271 280 289 298 307 316 334 415 496 577 658 
11 92 173 245 252 253 255 256 257 258 259 260 263 272 281 290 299 308 317 335 416 497 578 659 
12 93 174 246 252 253 254 256 257 258 259 260 264 273 282 291 300 309 318 336 417 498 579 660 
13 94 175 247 252 253 254 255 257 258 259 260 265 274 283 292 301 310 319 337 418 499 580 661 
14 95 176 248 252 253 254 255 256 258 259 260 266 275 284 293 302 311 320 338 419 500 581 662 
15 96 177 249 252 253 254 255 256 257 259 260 267 276 285 294 303 312 321 339 420 501 582 663 
16 97 178 250 252 253 254 255 256 257 258 260 268 277 286 295 304 313 322 340 421 502 583 664 
17 98 179 251 252 253 254 255 256 257 258 259 269 278 287 296 305 314 323 341 422 503 584 665 
18 99 180 243 252 262 263 264 265 266 267 268 269 270 279 288 297 306 315 342 423 504 585 666 
19 100 181 244 253 261 263 264 265 266 267 268 269 271 280 289 298 307 316 343 424 505 586 667 
20 101 182 245 254 261 262 264 265 266 267 268 269 272 281 290 299 308 317 344 425 506 587 668 
21 102 183 246 255 261 262 263 265 266 267 268 269 273 282 291 300 309 318 345 426 507 588 669 
22 103 184 247 256 261 262 263 264 266 267 268 269 274 283 292 301 310 319 346 427 508 589 670 
23 104 185 248 257 261 262 263 264 265 267 268 269 275 284 293 302 311 320 347 428 509 590 671 
24 105 186 249 258 261 262 263 264 265 266 268 269 276 285 294 303 312 321 348 429 510 591 672 
25 106 187 250 259 261 262 263 264 265 266 267 269 277 286 295 304 313 322 349 430 511 592 673 
26 107 188 251 260 261 262 263 264 265 266 267 268 278 287 296 305 314 323 350 431 512 593 674 
27 108 189 243 252 261 271 272 273 274 275 276 277 278 279 288 297 306 315 351 432 513 594 675 
28 109 190 244 253 262 270 272 273 274 275 276 277 278 280 289 298 307 316 352 433 514 595 676 
29 110 191 245 254 263 270 271 273 274 275 276 277 278 281 290 299 308 317 353 434 515 596 677 
30 111 192 246 255 264 270 271 272 274 275 276 277 278 282 291 300 309 318 354 435 516 597 678 
31 112 193 247 256 265 270 271 272 273 275 276 277 278 283 292 301 310 319 355 436 517 598 679 
32 113 194 248 257 266 270 271 272 273 274 276 277 278 284 293 302 311 320 356 437 518 599 680 
33 114 195 249 258 267 270 271 272 273 274 275 277 278 285 294 303 312 321 357 438 519 600 681 
34 115 196 250 259 268 270 271 272 273 274 275 276 278 286 295 304 313 322 358 439 520 601 682 
35 116 197 251 260 269 270 271 272 273 274 275 276 277 287 296 305 314 323 359 440 521 602 683 
36 117 198 243 252 261 270 280 281 282 283 284 285 286 287 288 297 306 315 360 441 522 603 684 
37 118 199 244 253 262 271 279 281 282 283 284 285 286 287 289 298 307 316 361 442 523 604 685 
38 119 200 245 254 263 272 279 280 282 283 284 285 286 287 290 299 308 317 362 443 524 605 686 
39 120 201 246 255 264 273 279 280 281 283 284 285 286 287 291 300 309 318 363 444 525 606 687 
40 121 202 247 256 265 274 279 280 281 282 284 285 286 287 292 301 310 319 364 445 526 607 688 
41 122 203 248 257 266 275 279 280 281 282 283 285 286 287 293 302 311 320 365 446 527 608 689 
42 123 204 249 258 267 276 279 280 281 282 283 284 286 287 294 303 312 321 366 447 528 609 690 
43 124 205 250 259 268 277 279 280 281 282 283 284 285 287 295 304 313 322 367 448 529 610 691 
44 125 206 251 260 269 278 279 280 281 282 283 284 285 286 296 305 314 323 368 449 530 611 692 
45 126 207 243 252 261 270 279 289 290 291 292 293 294 295 296 297 306 315 369 450 531 612 693 
46 127 208 244 253 262 271 280 288 290 291 292 293 294 295 296 298 307 316 370 451 532 613 694 
47 128 209 245 254 263 272 281 288 289 291 292 293 294 295 296 299 308 317 371 452 533 614 695 
48 129 210 246 255 264 273 282 288 289 290 292 293 294 295 296 300 309 318 372 453 534 615 696 
49 130 211 247 256 265 274 283 288 289 290 291 293 294 295 296 301 310 319 373 454 535 616 697 
50 131 212 248 257 266 275 284 288 289 290 291 292 294 295 296 302 311 320 374 455 536 617 698 
51 132 213 249 258 267 276 285 288 289 290 291 292 293 295 296 303 312 321 375 456 537 618 699 
52 133 214 250 259 268 277 286 288 289 290 291 292 293 294 296 304 313 322 376 457 538 619 700 
53 134 215 251 260 269 278 287 288 289 290 291 292 293 294 295 305 314 323 377 458 539 620 701 
54 135 216 243 252 261 270 279 288 298 299 300 301 302 303 304 305 306 315 378 459 540 621 702 
55 136 217 244 253 262 271 280 289 297 299 300 301 302 303 304 305 307 316 379 460 541 622 703 
56 137 218 245 254 263 272 281 290 297 298 300 301 302 303 304 305 308 317 380 461 542 623 704 
57 138 219 246 255 264 273 282 291 297 298 299 301 302 303 304 305 309 318 381 462 543 624 705 
58 139 220 247 256 265 274 283 292 297 298 299 300 302 303 304 305 310 319 382 463 544 625 706 
59 140 221 248 257 266 275 284 293 297 298 299 300 301 303 304 305 311 320 383 464 545 626 707 
60 141 222 249 258 267 276 285 294 297 298 299 300 301 302 304 305 312 321 384 465 546 627 708 
61 142 223 250 259 268 277 286 295 297 298 299 300 301 302 303 305 313 322 385 466 547 628 709 
62 143 224 251 260 269 278 287 296 297 298 299 300 301 302 303 304 314 323 386 467 548 629 710 
63 144 225 243 252 261 270 279 288 297 307 308 309 310 311 312 313 314 315 387 468 549 630 711 
64 145 226 244 253 262 271 280 289 298 306 308 309 310 311 312 313 314 316 388 469 550 631 712 
65 146 227 245 254 263 272 281 290 299 306 307 309 310 311 312 313 314 317 389 470 551 632 713 
66 147 228 246 255 264 273 282 291 300 306 307 308 310 311 312 313 314 318 390 471 552 633 714 
67 148 229 247 256 265 274 283 292 301 306 307 308 309 311 312 313 314 319 391 472 553 634 715 
68 149 230 248 257 266 275 284 293 302 306 307 308 309 310 312 313 314 320 392 473 554 635 716 
69 150 231 249 258 267 276 285 294 303 306 307 308 309 310 311 313 314 321 393 474 555 636 717 
70 151 232 250 259 268 277 286 295 304 306 307 308 309 310 311 312 314 322 394 475 556 637 718 
71 152 233 251 260 269 278 287 296 305 306 307 308 309 310 311 312 313 323 395 476 557 638 719 
72 153 234 243 252 261 270 279 288 297 306 316 317 318 319 320 321 322 323 396 477 558 639 720 
73 154 235 244 253 262 271 280 289 298 307 315 317 318 319 320 321 322 323 397 478 559 640 721 
74 155 236 245 254 263 272 281 290 299 308 315 316 318 319 320 321 322 323 398 479 560 641 722 
75 156 237 246 255 264 273 282 291 300 309 315 316 317 319 320 321 322 323 399 480 561 642 723 
76 157 238 247 256 265 274 283 292 301 310 315 316 317 318 320 321 322 323 400 481 562 643 724 
77 158 239 248 257 266 275 284 293 302 311 315 316 317 318 319 321 322 323 401 482 563 644 725 
78 159 240 249 258 267 276 285 294 303 312 315 316 317 318 319 320 322 323 402 483 564 645 726 
79 160 241 250 259 268 277 286 295 304 313 315 316 317 318 319 320 321 323 403 484 565 646 727 
80 161 242 251 260 269 278 287 296 305 314 315 316 317 318 319 320 321 322 404 485 566 647 728 
0 81 162 243 325 326 327 328 329 330 331 332 333 342 351 360 369 378 387 396 405 486 567 648 
1 82 163 244 324 326 327 328 329 330 331 332 334 343 352 361 370 379 388 397 406 487 568 649 
2 83 164 245 324 325 327 328 329 330 331 332 335 344 353 362 371 380 389 398 407 488 569 650 
3 84 165 246 324 325 326 328 329 330 331 332 336 345 354 363 372 381 390 399 408 489 570 651 
4 85 166 247 324 325 326 327 329 330 331 332 337 346 355 364 373 382 391 400 409 490 571 652 
5 86 167 248 324 325 326 327 328 330 331 332 338 347 356 365 374 383 392 401 410 491 572 653 
6 87 168 249 324 325 326 327 328 329 331 332 339 348 357 366 375 384 393 402 411 492 573 654 
7 88 169 250 324 325 326 327 328 329 330 332 340 349 358 367 376 385 394 403 412 493 574 655 
8 89 170 251 324 325 326 327 328 329 330 331 341 350 359 368 377 386 395 404 413 494 575 656 
9 90 171 252 324 334 335 336 337 338 339 340 341 342 351 360 369 378 387 396 414 495 576 657 
10 91 172 253 325 333 335 336 337 338 339 340 341 343 352 361 370 379 388 397 415 496 577 658 
11 92 173 254 326 333 334 336 337 338 339 340 341 344 353 362 371 380 389 398 416 497 578 659 
12 93 174 255 327 333 334 335 337 338 339 340 341 345 354 363 372 381 390 399 417 498 579 660 
13 94 175 256 328 333 334 335 336 338 339 340 341 346 355 364 373 382 391 400 418 499 580 661 
14 95 176 257 329 333 334 335 336 337 339 340 341 347 356 365 374 383 392 401 419 500 581 662 
15 96 177 258 330 333 334 335 336 337 338 340 341 348 357 366 375 384 393 402 420 501 582 663 
16 97 178 259 331 333 334 335 336 337 338 339 341 349 358 367 376 385 394 403 421 502 583 664 
17 98 179 260 332 333 334 335 336 337 338 339 340 350 359 368 377 386 395 404 422 503 584 665 
18 99 180 261 324 333 343 344 345 346 347 348 349 350 351 360 369 378 387 396 423 504 585 666 
19 100 181 262 325 334 342 344 345 346 347 348 349 350 352 361 370 379 388 397 424 505 586 667 
20 101 182 263 326 335 342 343 345 346 347 348 349 350 353 362 371 380 389 398 425 506 587 668 
21 102 183 264 327 336 342 343 344 346 347 348 349 350 354 363 372 381 390 399 426 507 588 669 
22 103 184 265 328 337 342 343 344 345 347 348 349 350 355 364 373 382 391 400 427 508 589 670 
23 104 185 266 329 338 342 343 344 345 346 348 349 350 356 365 374 383 392 401 428 509 590 671 
24 105 186 267 330 339 342 343 344 345 346 347 349 350 357 366 375 384 393 402 429 510 591 672 
25 106 187 268 331 340 342 343 344 345 346 347 348 350 358 367 376 385 394 403 430 511 592 673 
26 107 188 269 332 341 342 343 344 345 346 347 348 349 359 368 377 386 395 404 431 512 593 674 
27 108 189 270 324 333 342 352 353 354 355 356 357 358 359 360 369 378 387 396 432 513 594 675 
28 109 190 271 325 334 343 351 353 354 355 356 357 358 359 361 370 379 388 397 433 514 595 676 
29 110 191 272 326 335 344 351 352 354 355 356 357 358 359 362 371 380 389 398 434 515 596 677 
30 111 192 273 327 336 345 351 352 353 355 356 357 358 359 363 372 381 390 399 435 516 597 678 
31 112 193 274 328 337 346 351 352 353 354 356 357 358 359 364 373 382 391 400 436 517 598 679 
32 113 194 275 329 338 347 351 352 353 354 355 357 358 359 365 374 383 392 401 437 518 599 680 
33 114 195 276 330 339 348 351 352 353 354 355 356 358 359 366 375 384 393 402 438 519 600 681 
34 115 196 277 331 340 349 351 352 353 354 355 356 357 359 367 376 385 394 403 439 520 601 682 
35 116 197 278 332 341 350 351 352 353 354 355 356 357 358 368 377 386 395 404 440 521 602 683 
36 117 198 279 324 333 342 351 361 362 363 364 365 366 367 368 369 378 387 396 441 522 603 684 
37 118 199 280 325 334 343 352 360 362 363 364 365 366 367 368 370 379 388 397 442 523 604 685 
38 119 200 281 326 335 344 353 360 361 363 364 365 366 367 368 371 380 389 398 443 524 605 686 
39 120 201 282 327 336 345 354 360 361 362 364 365 366 367 368 372 381 390 399 444 525 606 687 
40 121 202 283 328 337 346 355 360 361 362 363 365 366 367 368 373 382 391 400 445 526 607 688 
41 122 203 284 329 338 347 356 360 361 362 363 364 366 367 368 374 383 392 401 446 527 608 689 
42 123 204 285 330 339 348 357 360 361 362 363 364 365 367 368 375 384 393 402 447 528 609 690 
43 124 205 286 331 340 349 358 360 361 362 363 364 365 366 368 376 385 394 403 448 529 610 691 
44 125 206 287 332 341 350 359 360 361 362 363 364 365 366 367 377 386 395 404 449 530 611 692 
45 126 207 288 324 333 342 351 360 370 371 372 373 374 375 376 377 378 387 396 450 531 612 693 
46 127 208 289 325 334 343 352 361 369 371 372 373 374 375 376 377 379 388 397 451 532 613 694 
47 128 209 290 326 335 344 353 362 369 370 372 373 374 375 376 377 380 389 398 452 533 614 695 
48 129 210 291 327 336 345 354 363 369 370 371 373 374 375 376 377 381 390 399 453 534 615 696 
49 130 211 292 328 337 346 355 364 369 370 371 372 374 375 376 377 382 391 400 454 535 616 697 
50 131 212 293 329 338 347 356 365 369 370 371 372 373 375 376 377 383 392 401 455 536 617 698 
51 132 213 294 330 339 348 357 366 369 370 371 372 373 374 376 377 384 393 402 456 537 618 699 
52 133 214 295 331 340 349 358 367 369 370 371 372 373 374 375 377 385 394 403 457 538 619 700 
53 134 215 296 332 341 350 359 368 369 370 371 372 373 374 375 376 386 395 404 458 539 620 701 
54 135 216 297 324 333 342 351 360 369 379 380 381 382 383 384 385 386 387 396 459 540 621 702 
55 136 217 298 325 334 343 352 361 370 378 380 381 382 383 384 385 386 388 397 460 541 622 703 
56 137 218 299 326 335 344 353 362 371 378 379 381 382 383 384 385 386 389 398 461 542 623 704 
57 138 219 300 327 336 345 354 363 372 378 379 380 382 383 384 385 386 390 399 462 543 624 705 
58 139 220 301 328 337 346 355 364 373 378 379 380 381 383 384 385 386 391 400 463 544 625 706 
59 140 221 302 329 338 347 356 365 374 378 379 380 381 382 384 385 386 392 401 464 545 626 707 
60 141 222 303 330 339 348 357 366 375 378 379 380 381 382 383 385 386 393 402 465 546 627 708 
61 142 223 304 331 340 349 358 367 376 378 379 380 381 382 383 384 386 394 403 466 547 628 709 
62 143 224 305 332 341 350 359 368 377 378 379 380 381 382 383 384 385 395 404 467 548 629 710 
63 144 225 306 324 333 342 351 360 369 378 388 389 390 391 392 393 394 395 396 468 549 630 711 
64 145 226 307 325 334 343 352 361 370 379 387 389 390 391 392 393 394 395 397 469 550 631 712 
65 146 227 308 326 335 344 353 362 371 380 387 388 390 391 392 393 394 395 398 470 551 632 713 
66 147 228 309 327 336 345 354 363 372 381 387 388 389 391 392 393 394 395 399 471 552 633 714 
67 148 229 310 328 337 346 355 364 373 382 387 388 389 390 392 393 394 395 400 472 553 634 715 
68 149 230 311 329 338 347 356 365 374 383 387 388 389 390 391 393 394 395 401 473 554 635 716 
69 150 231 312 330 339 348 357 366 375 384 387 388 389 390 391 392 394 395 402 474 555 636 717 
70 151 232 313 331 340 349 358 367 376 385 387 388 389 390 391 392 393 395 403 475 556 637 718 
71 152 233 314 332 341 350 359 368 377 386 387 388 389 390 391 392 393 394 404 476 557 638 719 
72 153 234 315 324 333 342 351 360 369 378 387 397 398 399 400 401 402 403 404 477 558 639 720 
73 154 235 316 325 334 343 352 361 370 379 388 396 398 399 400 401 402 403 404 478 559 640 721 
74 155 236 317 326 335 344 353 362 371 380 389 396 397 399 400 401 402 403 404 479 560 641 722 
75 156 237 318 327 336 345 354 363 372 381 390 396 397 398 400 401 402 403 404 480 561 642 723 
76 157 238 319 328 337 346 355 364 373 382 391 396 397 398 399 401 402 403 404 481 562 643 724 
77 158 239 320 329 338 347 356 365 374 383 392 396 397 398 399 400 402 403 404 482 563 644 725 
78 159 240 321 330 339 348 357 366 375 384 393 396 397 398 399 400 401 403 404 483 564 645 726 
79 160 241 322 331 340 349 358 367 376 385 394 396 397 398 399 400 401 402 404 484 565 646 727 
80 161 242 323 332 341 350 359 368 377 386 395 396 397 398 399 400 401 402 403 485 566 647 728 
0 81 162 243 324 406 407 408 409 410 411 412 413 414 423 432 441 450 459 468 477 486 567 648 
1 82 163 244 325 405 407 408 409 410 411 412 413 415 424 433 442 451 460 469 478 487 568 649 
2 83 164 245 326 405 406 408 409 410 411 412 413 416 425 434 443 452 461 470 479 488 569 650 
3 84 165 246 327 405 406 407 409 410 411 412 413 417 426 435 444 453 462 471 480 489 570 651 
4 85 166 247 328 405 406 407 408 410 411 412 413 418 427 436 445 454 463 472 481 490 571 652 
5 86 167 248 329 405 406 407 408 409 411 412 413 419 428 437 446 455 464 473 482 491 572 653 
6 87 168 249 330 405 406 407 408 409 410 412 413 420 429 438 447 456 465 474 483 492 573 654 
7 88 169 250 331 405 406 407 408 409 410 411 413 421 430 439 448 457 466 475 484 493 574 655 
8 89 170 251 332 405 406 407 408 409 410 411 412 422 431 440 449 458 467 476 485 494 575 656 
9 90 171 252 333 405 415 416 417 418 419 420 421 422 423 432 441 450 459 468 477 495 576 657 
10 91 172 253 334 406 414 416 417 418 419 420 421 422 424 433 442 451 460 469 478 496 577 658 
11 92 173 254 335 407 414 415 417 418 419 420 421 422 425 434 443 452 461 470 479 497 578 659 
12 93 174 255 336 408 414 415 416 418 419 420 421 422 426 435 444 453 462 471 480 498 579 660 
13 94 175 256 337 409 414 415 416 417 419 420 421 422 427 436 445 454 463 472 481 499 580 661 
14 95 176 257 338 410 414 415 416 417 418 420 421 422 428 437 446 455 464 473 482 500 581 662 
15 96 177 258 339 411 414 415 416 417 418 419 421 422 429 438 447 456 465 474 483 501 582 663 
16 97 178 259 340 412 414 415 416 417 418 419 420 422 430 439 448 457 466 475 484 502 583 664 
17 98 179 260 341 413 414 415 416 417 418 419 420 421 431 440 449 458 467 476 485 503 584 665 
18 99 180 261 342 405 414 424 425 426 427 428 429 430 431 432 441 450 459 468 477 504 585 666 
19 100 181 262 343 406 415 423 425 426 427 428 429 430 431 433 442 451 460 469 478 505 586 667 
20 101 182 263 344 407 416 423 424 426 427 428 429 430 431 434 443 452 461 470 479 506 587 668 
21 102 183 264 345 408 417 423 424 425 427 428 429 430 431 435 444 453 462 471 480 507 588 669 
22 103 184 265 346 409 418 423 424 425 426 428 429 430 431 436 445 454 463 472 481 508 589 670 
23 104 185 266 347 410 419 423 424 425 426 427 429 430 431 437 446 455 464 473 482 509 590 671 
24 105 186 267 348 411 420 423 424 425 426 427 428 430 431 438 447 456 465 474 483 510 591 672 
25 106 187 268 349 412 421 423 424 425 426 427 428 429 431 439 448 457 466 475 484 511 592 673 
26 107 188 269 350 413 422 423 424 425 426 427 428 429 430 440 449 458 467 476 485 512 593 674 
27 108 189 270 351 405 414 423 433 434 435 436 437 438 439 440 441 450 459 468 477 513 594 675 
28 109 190 271 352 406 415 424 432 434 435 436 437 438 439 440 442 451 460 469 478 514 595 676 
29 110 191 272 353 407 416 425 432 433 435 436 437 438 439 440 443 452 461 470 479 515 596 677 
30 111 192 273 354 408 417 426 432 433 434 436 437 438 439 440 444 453 462 471 480 516 597 678 
31 112 193 274 355 409 418 427 432 433 434 435 437 438 439 440 445 454 463 472 481 517 598 679 
32 113 194 275 356 410 419 428 432 433 434 435 436 438 439 440 446 455 464 473 482 518 599 680 
33 114 195 276 357 411 420 429 432 433 434 435 436 437 439 440 447 456 465 474 483 519 600 681 
34 115 196 277 358 412 421 430 432 433 434 435 436 437 438 440 448 457 466 475 484 520 601 682 
35 116 197 278 359 413 422 431 432 433 434 435 436 437 438 439 449 458 467 476 485 521 602 683 
36 117 198 279 360 405 414 423 432 442 443 444 445 446 447 448 449 450 459 468 477 522 603 684 
37 118 199 280 361 406 415 424 433 441 443 444 445 446 447 448 449 451 460 469 478 523 604 685 
38 119 200 281 362 407 416 425 434 441 442 444 445 446 447 448 449 452 461 470 479 524 605 686 
39 120 201 282 363 408 417 426 435 441 442 443 445 446 447 448 449 453 462 471 480 525 606 687 
40 121 202 283 364 409 418 427 436 441 442 443 444 446 447 448 449 454 463 472 481 526 607 688 
41 122 203 284 365 410 419 428 437 441 442 443 444 445 447 448 449 455 464 473 482 527 608 689 
42 123 204 285 366 411 420 429 438 441 442 443 444 445 446 448 449 456 465 474 483 528 609 690 
43 124 205 286 367 412 421 430 439 441 442 443 444 445 446 447 449 457 466 475 484 529 610 691 
44 125 206 287 368 413 422 431 440 441 442 443 444 445 446 447 448 458 467 476 485 530 611 692 
45 126 207 288 369 405 414 423 432 441 451 452 453 454 455 456 457 458 459 468 477 531 612 693 
46 127 208 289 370 406 415 424 433 442 450 452 453 454 455 456 457 458 460 469 478 532 613 694 
47 128 209 290 371 407 416 425 434 443 450 451 453 454 455 456 457 458 461 470 479 533 614 695 
48 129 210 291 372 408 417 426 435 444 450 451 452 454 455 456 457 458 462 471 480 534 615 696 
49 130 211 292 373 409 418 427 436 445 450 451 452 453 455 456 457 458 463 472 481 535 616 697 
50 131 212 293 374 410 419 428 437 446 450 451 452 453 454 456 457 458 464 473 482 536 617 698 
51 132 213 294 375 411 420 429 438 447 450 451 452 453 454 455 457 458 465 474 483 537 618 699 
52 133 214 295 376 412 421 430 439 448 450 451 452 453 454 455 456 458 466 475 484 538 619 700 
53 134 215 296 377 413 422 431 440 449 450 451 452 453 454 455 456 457 467 476 485 539 620 701 
54 135 216 297 378 405 414 423 432 441 450 460 461 462 463 464 465 466 467 468 477 540 621 702 
55 136 217 298 379 406 415 424 433 442 451 459 461 462 463 464 465 466 467 469 478 541 622 703 
56 137 218 299 380 407 416 425 434 443 452 459 460 462 463 464 465 466 467 470 479 542 623 704 
57 138 219 300 381 408 417 426 435 444 453 459 460 461 463 464 465 466 467 471 480 543 624 705 
58 139 220 301 382 409 418 427 436 445 454 459 460 461 462 464 465 466 467 472 481 544 625 706 
59 140 221 302 383 410 419 428 437 446 455 459 460 461 462 463 465 466 467 473 482 545 626 707 
60 141 222 303 384 411 420 429 438 447 456 459 460 461 462 463 464 466 467 474 483 546 627 708 
61 142 223 304 385 412 421 430 439 448 457 459 460 461 462 463 464 465 467 475 484 547 628 709 
62 143 224 305 386 413 422 431 440 449 458 459 460 461 462 463 464 465 466 476 485 548 629 710 
63 144 225 306 387 405 414 423 432 441 450 459 469 470 471 472 473 474 475 476 477 549 630 711 
64 145 226 307 388 406 415 424 433 442 451 460 468 470 471 472 473 474 475 476 478 550 631 712 
65 146 227 308 389 407 416 425 434 443 452 461 468 469 471 472 473 474 475 476 479 551 632 713 
66 147 228 309 390 408 417 426 435 444 453 462 468 469 470 472 473 474 475 476 480 552 633 714 
67 148 229 310 391 409 418 427 436 445 454 463 468 469 470 471 473 474 475 476 481 553 634 715 
68 149 230 311 392 410 419 428 437 446 455 464 468 469 470 471 472 474 475 476 482 554 635 716 
69 150 231 312 393 411 420 429 438 447 456 465 468 469 470 471 472 473 475 476 483 555 636 717 
70 151 232 313 394 412 421 430 439 448 457 466 468 469 470 471 472 473 474 476 484 556 637 718 
71 152 233 314 395 413 422 431 440 449 458 467 468 469 470 471 472 473 474 475 485 557 638 719 
72 153 234 315 396 405 414 423 432 441 450 459 468 478 479 480 481 482 483 484 485 558 639 720 
73 154 235 316 397 406 415 424 433 442 451 460 469 477 479 480 481 482 483 484 485 559 640 721 
74 155 236 317 398 407 416 425 434 443 452 461 470 477 478 480 481 482 483 484 485 560 641 722 
75 156 237 318 399 408 417 426 435 444 453 462 471 477 478 479 481 482 483 484 485 561 642 723 
76 157 238 319 400 409 418 427 436 445 454 463 472 477 478 479 480 482 483 484 485 562 643 724 
77 158 239 320 401 410 419 428 437 446 455 464 473 477 478 479 480 481 483 484 485 563 644 725 
78 159 240 321 402 411 420 429 438 447 456 465 474 477 478 479 480 481 482 484 485 564 645 726 
79 160 241 322 403 412 421 430 439 448 457 466 475 477 478 479 480 481 482 483 485 565 646 727 
80 161 242 323 404 413 422 431 440 449 458 467 476 477 478 479 480 481 482 483 484 566 647 728 
0 81 162 243 324 405 487 488 489 490 491 492 493 494 495 504 513 522 531 540 549 558 567 648 
1 82 163 244 325 406 486 488 489 490 491 492 493 494 496 505 514 523 532 541 550 559 568 649 
2 83 164 245 326 407 486 487 489 490 491 492 493 494 497 506 515 524 533 542 551 560 569 650 
3 84 165 246 327 408 486 487 488 490 491 492 493 494 498 507 516 525 534 543 552 561 570 651 
4 85 166 247 328 409 486 487 488 489 491 492 493 494 499 508 517 526 535 544 553 562 571 652 
5 86 167 248 329 410 486 487 488 489 490 492 493 494 500 509 518 527 536 545 554 563 572 653 
6 87 168 249 330 411 486 487 488 489 490 491 493 494 501 510 519 528 537 546 555 564 573 654 
7 88 169 250 331 412 486 487 488 489 490 491 492 494 502 511 520 529 538 547 556 565 574 655 
8 89 170 251 332 413 486 487 488 489 490 491 492 493 503 512 521 530 539 548 557 566 575 656 
9 90 171 252 333 414 486 496 497 498 499 500 501 502 503 504 513 522 531 540 549 558 576 657 
10 91 172 253 334 415 487 495 497 498 499 500 501 502 503 505 514 523 532 541 550 559 577 658 
11 92 173 254 335 416 488 495 496 498 499 500 501 502 503 506 515 524 533 542 551 560 578 659 
12 93 174 255 336 417 489 495 496 497 499 500 501 502 503 507 516 525 534 543 552 561 579 660 
13 94 175 256 337 418 490 495 496 497 498 500 501 502 503 508 517 526 535 544 553 562 580 661 
14 95 176 257 338 419 491 495 496 497 498 499 501 502 503 509 518 527 536 545 554 563 581 662 
15 96 177 258 339 420 492 495 496 497 498 499 500 502 503 510 519 528 537 546 555 564 582 663 
16 97 178 259 340 421 493 495 496 497 498 499 500 501 503 511 520 529 538 547 556 565 583 664 
17 98 179 260 341 422 494 495 496 497 498 499 500 501 502 512 521 530 539 548 557 566 584 665 
18 99 180 261 342 423 486 495 505 506 507 508 509 510 511 512 513 522 531 540 549 558 585 666 
19 100 181 262 343 424 487 496 504 506 507 508 509 510 511 512 514 523 532 541 550 559 586 667 
20 101 182 263 344 425 488 497 504 505 507 508 509 510 511 512 515 524 533 542 551 560 587 668 
21 102 183 264 345 426 489 498 504 505 506 508 509 510 511 512 516 525 534 543 552 561 588 669 
22 103 184 265 346 427 490 499 504 505 506 507 509 510 511 512 517 526 535 544 553 562 589 670 
23 104 185 266 347 428 491 500 504 505 506 507 508 510 511 512 518 527 536 545 554 563 590 671 
24 105 186 267 348 429 492 501 504 505 506 507 508 509 511 512 519 528 537 546 555 564 591 672 
25 106 187 268 349 430 493 502 504 505 506 507 508 509 510 512 520 529 538 547 556 565 592 673 
26 107 188 269 350 431 494 503 504 505 506 507 508 509 510 511 521 530 539 548 557 566 593 674 
27 108 189 270 351 432 486 495 504 514 515 516 517 518 519 520 521 522 531 540 549 558 594 675 
28 109 190 271 352 433 487 496 505 513 515 516 517 518 519 520 521 523 532 541 550 559 595 676 
29 110 191 272 353 434 488 497 506 513 514 516 517 518 519 520 521 524 533 542 551 560 596 677 
30 111 192 273 354 435 489 498 507 513 514 515 517 518 519 520 521 525 534 543 552 561 597 678 
31 112 193 274 355 436 490 499 508 513 514 515 516 518 519 520 521 526 535 544 553 562 598 679 
32 113 194 275 356 437 491 500 509 513 514 515 516 517 519 520 521 527 536 545 554 563 599 680 
33 114 195 276 357 438 492 501 510 513 514 515 516 517 518 520 521 528 537 546 555 564 600 681 
34 115 196 277 358 439 493 502 511 513 514 515 516 517 518 519 521 529 538 547 556 565 601 682 
35 116 197 278 359 440 494 503 512 513 514 515 516 517 518 519 520 530 539 548 557 566 602 683 
36 117 198 279 360 441 486 495 504 513 523 524 525 526 527 528 529 530 531 540 549 558 603 684 
37 118 199 280 361 442 487 496 505 514 522 524 525 526 527 528 529 530 532 541 550 559 604 685 
38 119 200 281 362 443 488 497 506 515 522 523 525 526 527 528 529 530 533 542 551 560 605 686 
39 120 201 282 363 444 489 498 507 516 522 523 524 526 527 528 529 530 534 543 552 561 606 687 
40 121 202 283 364 445 490 499 508 517 522 523 524 525 527 528 529 530 535 544 553 562 607 688 
41 122 203 284 365 446 491 500 509 518 522 523 524 525 526 528 529 530 536 545 554 563 608 689 
42 123 204 285 366 447 492 501 510 519 522 523 524 525 526 527 529 530 537 546 555 564 609 690 
43 124 205 286 367 448 493 502 511 520 522 523 524 525 526 527 528 530 538 547 556 565 610 691 
44 125 206 287 368 449 494 503 512 521 522 523 524 525 526 527 528 529 539 548 557 566 611 692 
45 126 207 288 369 450 486 495 504 513 522 532 533 534 535 536 537 538 539 540 549 558 612 693 
46 127 208 289 370 451 487 496 505 514 523 531 533 534 535 536 537 538 539 541 550 559 613 694 
47 128 209 290 371 452 488 497 506 515 524 531 532 534 535 536 537 538 539 542 551 560 614 695 
48 129 210 291 372 453 489 498 507 516 525 531 532 533 535 536 537 538 539 543 552 561 615 696 
49 130 211 292 373 454 490 499 508 517 526 531 532 533 534 536 537 538 539 544 553 562 616 697 
50 131 212 293 374 455 491 500 509 518 527 531 532 533 534 535 537 538 539 545 554 563 617 698 
51 132 213 294 375 456 492 501 510 519 528 531 532 533 534 535 536 538 539 546 555 564 618 699 
52 133 214 295 376 457 493 502 511 520 529 531 532 533 534 535 536 537 539 547 556 565 619 700 
53 134 215 296 377 458 494 503 512 521 530 531 532 533 534 535 536 537 538 548 557 566 620 701 
54 135 216 297 378 459 486 495 504 513 522 531 541 542 543 544 545 546 547 548 549 558 621 702 
55 136 217 298 379 460 487 496 505 514 523 532 540 542 543 544 545 546 547 548 550 559 622 703 
56 137 218 299 380 461 488 497 506 515 524 533 540 541 543 544 545 546 547 548 551 560 623 704 
57 138 219 300 381 462 489 498 507 516 525 534 540 541 542 544 545 546 547 548 552 561 624 705 
58 139 220 301 382 463 490 499 508 517 526 535 540 541 542 543 545 546 547 548 553 562 625 706 
59 140 221 302 383 464 491 500 509 518 527 536 540 541 542 543 544 546 547 548 554 563 626 707 
60 141 222 303 384 465 492 501 510 519 528 537 540 541 542 543 544 545 547 548 555 564 627 708 
61 142 223 304 385 466 493 502 511 520 529 538 540 541 542 543 544 545 546 548 556 565 628 709 
62 143 224 305 386 467 494 503 512 521 530 539 540 541 542 543 544 545 546 547 557 566 629 710 
63 144 225 306 387 468 486 495 504 513 522 531 540 550 551 552 553 554 555 556 557 558 630 711 
64 145 226 307 388 469 487 496 505 514 523 532 541 549 551 552 553 554 555 556 557 559 631 712 
65 146 227 308 389 470 488 497 506 515 524 533 542 549 550 552 553 554 555 556 557 560 632 713 
66 147 228 309 390 471 489 498 507 516 525 534 543 549 550 551 553 554 555 556 557 561 633 714 
67 148 229 310 391 472 490 499 508 517 526 535 544 549 550 551 552 554 555 556 557 562 634 715 
68 149 230 311 392 473 491 500 509 518 527 536 545 549 550 551 552 553 555 556 557 563 635 716 
69 150 231 312 393 474 492 501 510 519 528 537 546 549 550 551 552 553 554 556 557 564 636 717 
70 151 232 313 394 475 493 502 511 520 529 538 547 549 550 551 552 553 554 555 557 565 637 718 
71 152 233 314 395 476 494 503 512 521 530 539 548 549 550 551 552 553 554 555 556 566 638 719 
72 153 234 315 396 477 486 495 504 513 522 531 540 549 559 560 561 562 563 564 565 566 639 720 
73 154 235 316 397 478 487 496 505 514 523 532 541 550 558 560 561 562 563 564 565 566 640 721 
74 155 236 317 398 479 488 497 506 515 524 533 542 551 558 559 561 562 563 564 565 566 641 722 
75 156 237 318 399 480 489 498 507 516 525 534 543 552 558 559 560 562 563 564 565 566 642 723 
76 157 238 319 400 481 490 499 508 517 526 535 544 553 558 559 560 561 563 564 565 566 643 724 
77 158 239 320 401 482 491 500 509 518 527 536 545 554 558 559 560 561 562 564 565 566 644 725 
78 159 240 321 402 483 492 501 510 519 528 537 546 555 558 559 560 561 562 563 565 566 645 726 
79 160 241 322 403 484 493 502 511 520 529 538 547 556 558 559 560 561 562 563 564 566 646 727 
80 161 242 323 404 485 494 503 512 521 530 539 548 557 558 559 560 561 562 563 564 565 647 728 
0 81 162 243 324 405 486 568 569 570 571 572 573 574 575 576 585 594 603 612 621 630 639 648 
1 82 163 244 325 406 487 567 569 570 571 572 573 574 575 577 586 595 604 613 622 631 640 649 
2 83 164 245 326 407 488 567 568 570 571 572 573 574 575 578 587 596 605 614 623 632 641 650 
3 84 165 246 327 408 489 567 568 569 571 572 573 574 575 579 588 597 606 615 624 633 642 651 
4 85 166 247 328 409 490 567 568 569 570 572 573 574 575 580 589 598 607 616 625 634 643 652 
5 86 167 248 329 410 491 567 568 569 570 571 573 574 575 581 590 599 608 617 626 635 644 653 
6 87 168 249 330 411 492 567 568 569 570 571 572 574 575 582 591 600 609 618 627 636 645 654 
7 88 169 250 331 412 493 567 568 569 570 571 572 573 575 583 592 601 610 619 628 637 646 655 
8 89 170 251 332 413 494 567 568 569 570 571 572 573 574 584 593 602 611 620 629 638 647 656 
9 90 171 252 333 414 495 567 577 578 579 580 581 582 583 584 585 594 603 612 621 630 639 657 
10 91 172 253 334 415 496 568 576 578 579 580 581 582 583 584 586 595 604 613 622 631 640 658 
11 92 173 254 335 416 497 569 576 577 579 580 581 582 583 584 587 596 605 614 623 632 641 659 
12 93 174 255 336 417 498 570 576 577 578 580 581 582 583 584 588 597 606 615 624 633 642 660 
13 94 175 256 337 418 499 571 576 577 578 579 581 582 583 584 589 598 607 616 625 634 643 661 
14 95 176 257 338 419 500 572 576 577 578 579 580 582 583 584 590 599 608 617 626 635 644 662 
15 96 177 258 339 420 501 573 576 577 578 579 580 581 583 584 591 600 609 618 627 636 645 663 
16 97 178 259 340 421 502 574 576 577 578 579 580 581 582 584 592 601 610 619 628 637 646 664 
17 98 179 260 341 422 503 575 576 577 578 579 580 581 582 583 593 602 611 620 629 638 647 665 
18 99 180 261 342 423 504 567 576 586 587 588 589 590 591 592 593 594 603 612 621 630 639 666 
19 100 181 262 343 424 505 568 577 585 587 588 589 590 591 592 593 595 604 613 622 631 640 667 
20 101 182 263 344 425 506 569 578 585 586 588 589 590 591 592 593 596 605 614 623 632 641 668 
21 102 183 264 345 426 507 570 579 585 586 587 589 590 591 592 593 597 606 615 624 633 642 669 
22 103 184 265 346 427 508 571 580 585 586 587 588 590 591 592 593 598 607 616 625 634 643 670 
23 104 185 266 347 428 509 572 581 585 586 587 588 589 591 592 593 599 608 617 626 635 644 671 
24 105 186 267 348 429 510 573 582 585 586 587 588 589 590 592 593 600 609 618 627 636 645 672 
25 106 187 268 349 430 511 574 583 585 586 587 588 589 590 591 593 601 610 619 628 637 646 673 
26 107 188 269 350 431 512 575 584 585 586 587 588 589 590 591 592 602 611 620 629 638 647 674 
27 108 189 270 351 432 513 567 576 585 595 596 597 598 599 600 601 602 603 612 621 630 639 675 
28 109 190 271 352 433 514 568 577 586 594 596 597 598 599 600 601 602 604 613 622 631 640 676 
29 110 191 272 353 434 515 569 578 587 594 595 597 598 599 600 601 602 605 614 623 632 641 677 
30 111 192 273 354 435 516 570 579 588 594 595 596 598 599 600 601 602 606 615 624 633 642 678 
31 112 193 274 355 436 517 571 580 589 594 595 596 597 599 600 601 602 607 616 625 634 643 679 
32 113 194 275 356 437 518 572 581 590 594 595 596 597 598 600 601 602 608 617 626 635 644 680 
33 114 195 276 357 438 519 573 582 591 594 595 596 597 598 599 601 602 609 618 627 636 645 681 
34 115 196 277 358 439 520 574 583 592 594 595 596 597 598 599 600 602 610 619 628 637 646 682 
35 116 197 278 359 440 521 575 584 593 594 595 596 597 598 599 600 601 611 620 629 638 647 683 
36 117 198 279 360 441 522 567 576 585 594 604 605 606 607 608 609 610 611 612 621 630 639 684 
37 118 199 280 361 442 523 568 577 586 595 603 605 606 607 608 609 610 611 613 622 631 640 685 
38 119 200 281 362 443 524 569 578 587 596 603 604 606 607 608 609 610 611 614 623 632 641 686 
39 120 201 282 363 444 525 570 579 588 597 603 604 605 607 608 609 610 611 615 624 633 642 687 
40 121 202 283 364 445 526 571 580 589 598 603 604 605 606 608 609 610 611 616 625 634 643 688 
41 122 203 284 365 446 527 572 581 590 599 603 604 605 606 607 609 610 611 617 626 635 644 689 
42 123 204 285 366 447 528 573 582 591 600 603 604 605 606 607 608 610 611 618 627 636 645 690 
43 124 205 286 367 448 529 574 583 592 601 603 604 605 606 607 608 609 611 619 628 637 646 691 
44 125 206 287 368 449 530 575 584 593 602 603 604 605 606 607 608 609 610 620 629 638 647 692 
45 126 207 288 369 450 531 567 576 585 594 603 613 614 615 616 617 618 619 620 621 630 639 693 
46 127 208 289 370 451 532 568 577 586 595 604 612 614 615 616 617 618 619 620 622 631 640 694 
47 128 209 290 371 452 533 569 578 587 596 605 612 613 615 616 617 618 619 620 623 632 641 695 
48 129 210 291 372 453 534 570 579 588 597 606 612 613 614 616 617 618 619 620 624 633 642 696 
49 130 211 292 373 454 535 571 580 589 598 607 612 613 614 615 617 618 619 620 625 634 643 697 
50 131 212 293 374 455 536 572 581 590 599 608 612 613 614 615 616 618 619 620 626 635 644 698 
51 132 213 294 375 456 537 573 582 591 600 609 612 613 614 615 616 617 619 620 627 636 645 699 
52 133 214 295 376 457 538 574 583 592 601 610 612 613 614 615 616 617 618 620 628 637 646 700 
53 134 215 296 377 458 539 575 584 593 602 611 612 613 614 615 616 617 618 619 629 638 647 701 
54 135 216 297 378 459 540 567 576 585 594 603 612 622 623 624 625 626 627 628 629 630 639 702 
55 136 217 298 379 460 541 568 577 586 595 604 613 621 623 624 625 626 627 628 629 631 640 703 
56 137 218 299 380 461 542 569 578 587 596 605 614 621 622 624 625 626 627 628 629 632 641 704 
57 138 219 300 381 462 543 570 579 588 597 606 615 621 622 623 625 626 627 628 629 633 642 705 
58 139 220 301 382 463 544 571 580 589 598 607 616 621 622 623 624 626 627 628 629 634 643 706 
59 140 221 302 383 464 545 572 581 590 599 608 617 621 622 623 624 625 627 628 629 635 644 707 
60 141 222 303 384 465 546 573 582 591 600 609 618 621 622 623 624 625 626 628 629 636 645 708 
61 142 223 304 385 466 547 574 583 592 601 610 619 621 622 623 624 625 626 627 629 637 646 709 
62 143 224 305 386 467 548 575 584 593 602 611 620 621 622 623 624 625 626 627 628 638 647 710 
63 144 225 306 387 468 549 567 576 585 594 603 612 621 631 632 633 634 635 636 637 638 639 711 
64 145 226 307 388 469 550 568 577 586 595 604 613 622 630 632 633 634 635 636 637 638 640 712 
65 146 227 308 389 470 551 569 578 587 596 605 614 623 630 631 633 634 635 636 637 638 641 713 
66 147 228 309 390 471 552 570 579 588 597 606 615 624 630 631 632 634 635 636 637 638 642 714 
67 148 229 310 391 472 553 571 580 589 598 607 616 625 630 631 632 633 635 636 637 638 643 715 
68 149 230 311 392 473 554 572 581 590 599 608 617 626 630 631 632 633 634 636 637 638 644 716 
69 150 231 312 393 474 555 573 582 591 600 609 618 627 630 631 632 633 634 635 637 638 645 717 
70 151 232 313 394 475 556 574 583 592 601 610 619 628 630 631 632 633 634 635 636 638 646 718 
71 152 233 314 395 476 557 575 584 593 602 611 620 629 630 631 632 633 634 635 636 637 647 719 
72 153 234 315 396 477 558 567 576 585 594 603 612 621 630 640 641 642 643 644 645 646 647 720 
73 154 235 316 397 478 559 568 577 586 595 604 613 622 631 639 641 642 643 644 645 646 647 721 
74 155 236 317 398 479 560 569 578 587 596 605 614 623 632 639 640 642 643 644 645 646 647 722 
75 156 237 318 399 480 561 570 579 588 597 606 615 624 633 639 640 641 643 644 645 646 647 723 
76 157 238 319 400 481 562 571 580 589 598 607 616 625 634 639 640 641 642 644 645 646 647 724 
77 158 239 320 401 482 563 572 581 590 599 608 617 626 635 639 640 641 642 643 645 646 647 725 
78 159 240 321 402 483 564 573 582 591 600 609 618 627 636 639 640 641 642 643 644 646 647 726 
79 160 241 322 403 484 565 574 583 592 601 610 619 628 637 639 640 641 642 643 644 645 647 727 
80 161 242 323 404 485 566 575 584 593 602 611 620 629 638 639 640 641 642 643 644 645 646 728 
0 81 162 243 324 405 486 567 649 650 651 652 653 654 655 656 657 666 675 684 693 702 711 720 
1 82 163 244 325 406 487 568 648 650 651 652 653 654 655 656 658 667 676 685 694 703 712 721 
2 83 164 245 326 407 488 569 648 649 651 652 653 654 655 656 659 668 677 686 695 704 713 722 
3 84 165 246 327 408 489 570 648 649 650 652 653 654 655 656 660 669 678 687 696 705 714 723 
4 85 166 247 328 409 490 571 648 649 650 651 653 654 655 656 661 670 679 688 697 706 715 724 
5 86 167 248 329 410 491 572 648 649 650 651 652 654 655 656 662 671 680 689 698 707 716 725 
6 87 168 249 330 411 492 573 648 649 650 651 652 653 655 656 663 672 681 690 699 708 717 726 
7 88 169 250 331 412 493 574 648 649 650 651 652 653 654 656 664 673 682 691 700 709 718 727 
8 89 170 251 332 413 494 575 648 649 650 651 652 653 654 655 665 674 683 692 701 710 719 728 
9 90 171 252 333 414 495 576 648 658 659 660 661 662 663 664 665 666 675 684 693 702 711 720 
10 91 172 253 334 415 496 577 649 657 659 660 661 662 663 664 665 667 676 685 694 703 712 721 
11 92 173 254 335 416 497 578 650 657 658 660 661 662 663 664 665 668 677 686 695 704 713 722 
12 93 174 255 336 417 498 579 651 657 658 659 661 662 663 664 665 669 678 687 696 705 714 723 
13 94 175 256 337 418 499 580 652 657 658 659 660 662 663 664 665 670 679 688 697 706 715 724 
14 95 176 257 338 419 500 581 653 657 658 659 660 661 663 664 665 671 680 689 698 707 716 725 
15 96 177 258 339 420 501 582 654 657 658 659 660 661 662 664 665 672 681 690 699 708 717 726 
16 97 178 259 340 421 502 583 655 657 658 659 660 661 662 663 665 673 682 691 700 709 718 727 
17 98 179 260 341 422 503 584 656 657 658 659 660 661 662 663 664 674 683 692 701 710 719 728 
18 99 180 261 342 423 504 585 648 657 667 668 669 670 671 672 673 674 675 684 693 702 711 720 
19 100 181 262 343 424 505 586 649 658 666 668 669 670 671 672 673 674 676 685 694 703 712 721 
20 101 182 263 344 425 506 587 650 659 666 667 669 670 671 672 673 674 677 686 695 704 713 722 
21 102 183 264 345 426 507 588 651 660 666 667 668 670 671 672 673 674 678 687 696 705 714 723 
22 103 184 265 346 427 508 589 652 661 666 667 668 669 671 672 673 674 679 688 697 706 715 724 
23 104 185 266 347 428 509 590 653 662 666 667 668 669 670 672 673 674 680 689 698 707 716 725 
24 105 186 267 348 429 510 591 654 663 666 667 668 669 670 671 673 674 681 690 699 708 717 726 
25 106 187 268 349 430 511 592 655 664 666 667 668 669 670 671 672 674 682 691 700 709 718 727 
26 107 188 269 350 431 512 593 656 665 666 667 668 669 670 671 672 673 683 692 701 710 719 728 
27 108 189 270 351 432 513 594 648 657 666 676 677 678 679 680 681 682 683 684 693 702 711 720 
28 109 190 271 352 433 514 595 649 658 667 675 677 678 679 680 681 682 683 685 694 703 712 721 
29 110 191 272 353 434 515 596 650 659 668 675 676 678 679 680 681 682 683 686 695 704 713 722 
30 111 192 273 354 435 516 597 651 660 669 675 676 677 679 680 681 682 683 687 696 705 714 723 
31 112 193 274 355 436 517 598 652 661 670 675 676 677 678 680 681 682 683 688 697 706 715 724 
32 113 194 275 356 437 518 599 653 662 671 675 676 677 678 679 681 682 683 689 698 707 716 725 
33 114 195 276 357 438 519 600 654 663 672 675 676 677 678 679 680 682 683 690 699 708 717 726 
34 115 196 277 358 439 520 601 655 664 673 675 676 677 678 679 680 681 683 691 700 709 718 727 
35 116 197 278 359 440 521 602 656 665 674 675 676 677 678 679 680 681 682 692 701 710 719 728 
36 117 198 279 360 441 522 603 648 657 666 675 685 686 687 688 689 690 691 692 693 702 711 720 
37 118 199 280 361 442 523 604 649 658 667 676 684 686 687 688 689 690 691 692 694 703 712 721 
38 119 200 281 362 443 524 605 650 659 668 677 684 685 687 688 689 690 691 692 695 704 713 722 
39 120 201 282 363 444 525 606 651 660 669 678 684 685 686 688 689 690 691 692 696 705 714 723 
40 121 202 283 364 445 526 607 652 661 670 679 684 685 686 687 689 690 691 692 697 706 715 724 
41 122 203 284 365 446 527 608 653 662 671 680 684 685 686 687 688 690 691 692 698 707 716 725 
42 123 204 285 366 447 528 609 654 663 672 681 684 685 686 687 688 689 691 692 699 708 717 726 
43 124 205 286 367 448 529 610 655 664 673 682 684 685 686 687 688 689 690 692 700 709 718 727 
44 125 206 287 368 449 530 611 656 665 674 683 684 685 686 687 688 689 690 691 701 710 719 728 
45 126 207 288 369 450 531 612 648 657 666 675 684 694 695 696 697 698 699 700 701 702 711 720 
46 127 208 289 370 451 532 613 649 658 667 676 685 693 695 696 697 698 699 700 701 703 712 721 
47 128 209 290 371 452 533 614 650 659 668 677 686 693 694 696 697 698 699 700 701 704 713 722 
48 129 210 291 372 453 534 615 651 660 669 678 687 693 694 695 697 698 699 700 701 705 714 723 
49 130 211 292 373 454 535 616 652 661 670 679 688 693 694 695 696 698 699 700 701 706 715 724 
50 131 212 293 374 455 536 617 653 662 671 680 689 693 694 695 696 697 699 700 701 707 716 725 
51 132 213 294 375 456 537 618 654 663 672 681 690 693 694 695 696 697 698 700 701 708 717 726 
52 133 214 295 376 457 538 619 655 664 673 682 691 693 694 695 696 697 698 699 701 709 718 727 
53 134 215 296 377 458 539 620 656 665 674 683 692 693 694 695 696 697 698 699 700 710 719 728 
54 135 216 297 378 459 540 621 648 657 666 675 684 693 703 704 705 706 707 708 709 710 711 720 
55 136 217 298 379 460 541 622 649 658 667 676 685 694 702 704 705 706 707 708 709 710 712 721 
56 137 218 299 380 461 542 623 650 659 668 677 686 695 702 703 705 706 707 708 709 710 713 722 
57 138 219 300 381 462 543 624 651 660 669 678 687 696 702 703 704 706 707 708 709 710 714 723 
58 139 220 301 382 463 544 625 652 661 670 679 688 697 702 703 704 705 707 708 709 710 715 724 
59 140 221 302 383 464 545 626 653 662 671 680 689 698 702 703 704 705 706 708 709 710 716 725 
60 141 222 303 384 465 546 627 654 663 672 681 690 699 702 703 704 705 706 707 709 710 717 726 
61 142 223 304 385 466 547 628 655 664 673 682 691 700 702 703 704 705 706 707 708 710 718 727 
62 143 224 305 386 467 548 629 656 665 674 683 692 701 702 703 704 705 706 707 708 709 719 728 
63 144 225 306 387 468 549 630 648 657 666 675 684 693 702 712 713 714 715 716 717 718 719 720 
64 145 226 307 388 469 550 631 649 658 667 676 685 694 703 711 713 714 715 716 717 718 719 721 
65 146 227 308 389 470 551 632 650 659 668 677 686 695 704 711 712 714 715 716 717 718 719 722 
66 147 228 309 390 471 552 633 651 660 669 678 687 696 705 711 712 713 715 716 717 718 719 723 
67 148 229 310 391 472 553 634 652 661 670 679 688 697 706 711 712 713 714 716 717 718 719 724 
68 149 230 311 392 473 554 635 653 662 671 680 689 698 707 711 712 713 714 715 717 718 719 725 
69 150 231 312 393 474 555 636 654 663 672 681 690 699 708 711 712 713 714 715 716 718 719 726 
70 151 232 313 394 475 556 637 655 664 673 682 691 700 709 711 712 713 714 715 716 717 719 727 
71 152 233 314 395 476 557 638 656 665 674 683 692 701 710 711 712 713 714 715 716 717 718 728 
72 153 234 315 396 477 558 639 648 657 666 675 684 693 702 711 721 722 723 724 725 726 727 728 
73 154 235 316 397 478 559 640 649 658 667 676 685 694 703 712 720 722 723 724 725 726 727 728 
74 155 236 317 398 479 560 641 650 659 668 677 686 695 704 713 720 721 723 724 725 726 727 728 
75 156 237 318 399 480 561 642 651 660 669 678 687 696 705 714 720 721 722 724 725 726 727 728 
76 157 238 319 400 481 562 643 652 661 670 679 688 697 706 715 720 721 722 723 725 726 727 728 
77 158 239 320 401 482 563 644 653 662 671 680 689 698 707 716 720 721 722 723 724 726 727 728 
78 159 240 321 402 483 564 645 654 663 672 681 690 699 708 717 720 721 722 723 724 725 727 728 
79 160 241 322 403 484 565 646 655 664 673 682 691 700 709 718 720 721 722 723 724 725 726 728 
80 161 242 323 404 485 566 647 656 665 674 683 692 701 710 719 720 721 722 723 724 725 726 727 
