1152 9216
1 2 3 4 9 18 27 63 576 648 720 792 864 936 1008 1080 
0 2 5 6 14 23 32 68 581 653 725 797 869 941 1013 1085 
0 1 7 8 17 26 35 71 584 656 728 800 872 944 1016 1088 
0 4 5 7 16 25 34 70 583 655 727 799 871 943 1015 1087 
0 3 6 8 15 24 33 69 582 654 726 798 870 942 1014 1086 
1 3 6 7 13 22 31 67 580 652 724 796 868 940 1012 1084 
1 4 5 8 11 20 29 65 578 650 722 794 866 938 1010 1082 
2 3 5 8 10 19 28 64 577 649 721 793 865 937 1009 1081 
2 4 6 7 12 21 30 66 579 651 723 795 867 939 1011 1083 
10 11 12 13 0 18 27 54 585 657 729 801 873 945 1017 1089 
9 11 14 15 7 23 32 59 590 662 734 806 878 950 1022 1094 
9 10 16 17 6 26 35 62 593 665 737 809 881 953 1025 1097 
9 13 14 16 8 25 34 61 592 664 736 808 880 952 1024 1096 
9 12 15 17 5 24 33 60 591 663 735 807 879 951 1023 1095 
10 12 15 16 1 22 31 58 589 661 733 805 877 949 1021 1093 
10 13 14 17 4 20 29 56 587 659 731 803 875 947 1019 1091 
11 12 14 17 3 19 28 55 586 658 730 802 874 946 1018 1090 
11 13 15 16 2 21 30 57 588 660 732 804 876 948 1020 1092 
19 20 21 22 0 9 27 45 594 666 738 810 882 954 1026 1098 
18 20 23 24 7 16 32 50 599 671 743 815 887 959 1031 1103 
18 19 25 26 6 15 35 53 602 674 746 818 890 962 1034 1106 
18 22 23 25 8 17 34 52 601 673 745 817 889 961 1033 1105 
18 21 24 26 5 14 33 51 600 672 744 816 888 960 1032 1104 
19 21 24 25 1 10 31 49 598 670 742 814 886 958 1030 1102 
19 22 23 26 4 13 29 47 596 668 740 812 884 956 1028 1100 
20 21 23 26 3 12 28 46 595 667 739 811 883 955 1027 1099 
20 22 24 25 2 11 30 48 597 669 741 813 885 957 1029 1101 
28 29 30 31 0 9 18 36 603 675 747 819 891 963 1035 1107 
27 29 32 33 7 16 25 41 608 680 752 824 896 968 1040 1112 
27 28 34 35 6 15 24 44 611 683 755 827 899 971 1043 1115 
27 31 32 34 8 17 26 43 610 682 754 826 898 970 1042 1114 
27 30 33 35 5 14 23 42 609 681 753 825 897 969 1041 1113 
28 30 33 34 1 10 19 40 607 679 751 823 895 967 1039 1111 
28 31 32 35 4 13 22 38 605 677 749 821 893 965 1037 1109 
29 30 32 35 3 12 21 37 604 676 748 820 892 964 1036 1108 
29 31 33 34 2 11 20 39 606 678 750 822 894 966 1038 1110 
37 38 39 40 27 45 54 63 612 684 756 828 900 972 1044 1116 
36 38 41 42 34 50 59 68 617 689 761 833 905 977 1049 1121 
36 37 43 44 33 53 62 71 620 692 764 836 908 980 1052 1124 
36 40 41 43 35 52 61 70 619 691 763 835 907 979 1051 1123 
36 39 42 44 32 51 60 69 618 690 762 834 906 978 1050 1122 
37 39 42 43 28 49 58 67 616 688 760 832 904 976 1048 1120 
37 40 41 44 31 47 56 65 614 686 758 830 902 974 1046 1118 
38 39 41 44 30 46 55 64 613 685 757 829 901 973 1045 1117 
38 40 42 43 29 48 57 66 615 687 759 831 903 975 1047 1119 
46 47 48 49 18 36 54 63 621 693 765 837 909 981 1053 1125 
45 47 50 51 25 43 59 68 626 698 770 842 914 986 1058 1130 
45 46 52 53 24 42 62 71 629 701 773 845 917 989 1061 1133 
45 49 50 52 26 44 61 70 628 700 772 844 916 988 1060 1132 
45 48 51 53 23 41 60 69 627 699 771 843 915 987 1059 1131 
46 48 51 52 19 37 58 67 625 697 769 841 913 985 1057 1129 
46 49 50 53 22 40 56 65 623 695 767 839 911 983 1055 1127 
47 48 50 53 21 39 55 64 622 694 766 838 910 982 1054 1126 
47 49 51 52 20 38 57 66 624 696 768 840 912 984 1056 1128 
55 56 57 58 9 36 45 63 630 702 774 846 918 990 1062 1134 
54 56 59 60 16 43 52 68 635 707 779 851 923 995 1067 1139 
54 55 61 62 15 42 51 71 638 710 782 854 926 998 1070 1142 
54 58 59 61 17 44 53 70 637 709 781 853 925 997 1069 1141 
54 57 60 62 14 41 50 69 636 708 780 852 924 996 1068 1140 
55 57 60 61 10 37 46 67 634 706 778 850 922 994 1066 1138 
55 58 59 62 13 40 49 65 632 704 776 848 920 992 1064 1136 
56 57 59 62 12 39 48 64 631 703 775 847 919 991 1063 1135 
56 58 60 61 11 38 47 66 633 705 777 849 921 993 1065 1137 
64 65 66 67 0 36 45 54 639 711 783 855 927 999 1071 1143 
63 65 68 69 7 43 52 61 644 716 788 860 932 1004 1076 1148 
63 64 70 71 6 42 51 60 647 719 791 863 935 1007 1079 1151 
63 67 68 70 8 44 53 62 646 718 790 862 934 1006 1078 1150 
63 66 69 71 5 41 50 59 645 717 789 861 933 1005 1077 1149 
64 66 69 70 1 37 46 55 643 715 787 859 931 1003 1075 1147 
64 67 68 71 4 40 49 58 641 713 785 857 929 1001 1073 1145 
65 66 68 71 3 39 48 57 640 712 784 856 928 1000 1072 1144 
65 67 69 70 2 38 47 56 642 714 786 858 930 1002 1074 1146 
73 74 75 76 81 90 99 135 576 657 738 819 900 981 1062 1143 
72 74 77 78 86 95 104 140 581 662 743 824 905 986 1067 1148 
72 73 79 80 89 98 107 143 584 665 746 827 908 989 1070 1151 
72 76 77 79 88 97 106 142 583 664 745 826 907 988 1069 1150 
72 75 78 80 87 96 105 141 582 663 744 825 906 987 1068 1149 
73 75 78 79 85 94 103 139 580 661 742 823 904 985 1066 1147 
73 76 77 80 83 92 101 137 578 659 740 821 902 983 1064 1145 
74 75 77 80 82 91 100 136 577 658 739 820 901 982 1063 1144 
74 76 78 79 84 93 102 138 579 660 741 822 903 984 1065 1146 
82 83 84 85 72 90 99 126 585 648 747 810 909 972 1071 1134 
81 83 86 87 79 95 104 131 590 653 752 815 914 977 1076 1139 
81 82 88 89 78 98 107 134 593 656 755 818 917 980 1079 1142 
81 85 86 88 80 97 106 133 592 655 754 817 916 979 1078 1141 
81 84 87 89 77 96 105 132 591 654 753 816 915 978 1077 1140 
82 84 87 88 73 94 103 130 589 652 751 814 913 976 1075 1138 
82 85 86 89 76 92 101 128 587 650 749 812 911 974 1073 1136 
83 84 86 89 75 91 100 127 586 649 748 811 910 973 1072 1135 
83 85 87 88 74 93 102 129 588 651 750 813 912 975 1074 1137 
91 92 93 94 72 81 99 117 594 675 720 801 918 999 1044 1125 
90 92 95 96 79 88 104 122 599 680 725 806 923 1004 1049 1130 
90 91 97 98 78 87 107 125 602 683 728 809 926 1007 1052 1133 
90 94 95 97 80 89 106 124 601 682 727 808 925 1006 1051 1132 
90 93 96 98 77 86 105 123 600 681 726 807 924 1005 1050 1131 
91 93 96 97 73 82 103 121 598 679 724 805 922 1003 1048 1129 
91 94 95 98 76 85 101 119 596 677 722 803 920 1001 1046 1127 
92 93 95 98 75 84 100 118 595 676 721 802 919 1000 1045 1126 
92 94 96 97 74 83 102 120 597 678 723 804 921 1002 1047 1128 
100 101 102 103 72 81 90 108 603 666 729 792 927 990 1053 1116 
99 101 104 105 79 88 97 113 608 671 734 797 932 995 1058 1121 
99 100 106 107 78 87 96 116 611 674 737 800 935 998 1061 1124 
99 103 104 106 80 89 98 115 610 673 736 799 934 997 1060 1123 
99 102 105 107 77 86 95 114 609 672 735 798 933 996 1059 1122 
100 102 105 106 73 82 91 112 607 670 733 796 931 994 1057 1120 
100 103 104 107 76 85 94 110 605 668 731 794 929 992 1055 1118 
101 102 104 107 75 84 93 109 604 667 730 793 928 991 1054 1117 
101 103 105 106 74 83 92 111 606 669 732 795 930 993 1056 1119 
109 110 111 112 99 117 126 135 612 693 774 855 864 945 1026 1107 
108 110 113 114 106 122 131 140 617 698 779 860 869 950 1031 1112 
108 109 115 116 105 125 134 143 620 701 782 863 872 953 1034 1115 
108 112 113 115 107 124 133 142 619 700 781 862 871 952 1033 1114 
108 111 114 116 104 123 132 141 618 699 780 861 870 951 1032 1113 
109 111 114 115 100 121 130 139 616 697 778 859 868 949 1030 1111 
109 112 113 116 103 119 128 137 614 695 776 857 866 947 1028 1109 
110 111 113 116 102 118 127 136 613 694 775 856 865 946 1027 1108 
110 112 114 115 101 120 129 138 615 696 777 858 867 948 1029 1110 
118 119 120 121 90 108 126 135 621 684 783 846 873 936 1035 1098 
117 119 122 123 97 115 131 140 626 689 788 851 878 941 1040 1103 
117 118 124 125 96 114 134 143 629 692 791 854 881 944 1043 1106 
117 121 122 124 98 116 133 142 628 691 790 853 880 943 1042 1105 
117 120 123 125 95 113 132 141 627 690 789 852 879 942 1041 1104 
118 120 123 124 91 109 130 139 625 688 787 850 877 940 1039 1102 
118 121 122 125 94 112 128 137 623 686 785 848 875 938 1037 1100 
119 120 122 125 93 111 127 136 622 685 784 847 874 937 1036 1099 
119 121 123 124 92 110 129 138 624 687 786 849 876 939 1038 1101 
127 128 129 130 81 108 117 135 630 711 756 837 882 963 1008 1089 
126 128 131 132 88 115 124 140 635 716 761 842 887 968 1013 1094 
126 127 133 134 87 114 123 143 638 719 764 845 890 971 1016 1097 
126 130 131 133 89 116 125 142 637 718 763 844 889 970 1015 1096 
126 129 132 134 86 113 122 141 636 717 762 843 888 969 1014 1095 
127 129 132 133 82 109 118 139 634 715 760 841 886 967 1012 1093 
127 130 131 134 85 112 121 137 632 713 758 839 884 965 1010 1091 
128 129 131 134 84 111 120 136 631 712 757 838 883 964 1009 1090 
128 130 132 133 83 110 119 138 633 714 759 840 885 966 1011 1092 
136 137 138 139 72 108 117 126 639 702 765 828 891 954 1017 1080 
135 137 140 141 79 115 124 133 644 707 770 833 896 959 1022 1085 
135 136 142 143 78 114 123 132 647 710 773 836 899 962 1025 1088 
135 139 140 142 80 116 125 134 646 709 772 835 898 961 1024 1087 
135 138 141 143 77 113 122 131 645 708 771 834 897 960 1023 1086 
136 138 141 142 73 109 118 127 643 706 769 832 895 958 1021 1084 
136 139 140 143 76 112 121 130 641 704 767 830 893 956 1019 1082 
137 138 140 143 75 111 120 129 640 703 766 829 892 955 1018 1081 
137 139 141 142 74 110 119 128 642 705 768 831 894 957 1020 1083 
145 146 147 148 153 162 171 207 576 666 756 846 891 945 1071 1125 
144 146 149 150 158 167 176 212 581 671 761 851 896 950 1076 1130 
144 145 151 152 161 170 179 215 584 674 764 854 899 953 1079 1133 
144 148 149 151 160 169 178 214 583 673 763 853 898 952 1078 1132 
144 147 150 152 159 168 177 213 582 672 762 852 897 951 1077 1131 
145 147 150 151 157 166 175 211 580 670 760 850 895 949 1075 1129 
145 148 149 152 155 164 173 209 578 668 758 848 893 947 1073 1127 
146 147 149 152 154 163 172 208 577 667 757 847 892 946 1072 1126 
146 148 150 151 156 165 174 210 579 669 759 849 894 948 1074 1128 
154 155 156 157 144 162 171 198 585 675 765 855 882 936 1062 1116 
153 155 158 159 151 167 176 203 590 680 770 860 887 941 1067 1121 
153 154 160 161 150 170 179 206 593 683 773 863 890 944 1070 1124 
153 157 158 160 152 169 178 205 592 682 772 862 889 943 1069 1123 
153 156 159 161 149 168 177 204 591 681 771 861 888 942 1068 1122 
154 156 159 160 145 166 175 202 589 679 769 859 886 940 1066 1120 
154 157 158 161 148 164 173 200 587 677 767 857 884 938 1064 1118 
155 156 158 161 147 163 172 199 586 676 766 856 883 937 1063 1117 
155 157 159 160 146 165 174 201 588 678 768 858 885 939 1065 1119 
163 164 165 166 144 153 171 189 594 648 774 828 873 963 1053 1143 
162 164 167 168 151 160 176 194 599 653 779 833 878 968 1058 1148 
162 163 169 170 150 159 179 197 602 656 782 836 881 971 1061 1151 
162 166 167 169 152 161 178 196 601 655 781 835 880 970 1060 1150 
162 165 168 170 149 158 177 195 600 654 780 834 879 969 1059 1149 
163 165 168 169 145 154 175 193 598 652 778 832 877 967 1057 1147 
163 166 167 170 148 157 173 191 596 650 776 830 875 965 1055 1145 
164 165 167 170 147 156 172 190 595 649 775 829 874 964 1054 1144 
164 166 168 169 146 155 174 192 597 651 777 831 876 966 1056 1146 
172 173 174 175 144 153 162 180 603 657 783 837 864 954 1044 1134 
171 173 176 177 151 160 169 185 608 662 788 842 869 959 1049 1139 
171 172 178 179 150 159 168 188 611 665 791 845 872 962 1052 1142 
171 175 176 178 152 161 170 187 610 664 790 844 871 961 1051 1141 
171 174 177 179 149 158 167 186 609 663 789 843 870 960 1050 1140 
172 174 177 178 145 154 163 184 607 661 787 841 868 958 1048 1138 
172 175 176 179 148 157 166 182 605 659 785 839 866 956 1046 1136 
173 174 176 179 147 156 165 181 604 658 784 838 865 955 1045 1135 
173 175 177 178 146 155 164 183 606 660 786 840 867 957 1047 1137 
181 182 183 184 171 189 198 207 612 702 720 810 927 981 1035 1089 
180 182 185 186 178 194 203 212 617 707 725 815 932 986 1040 1094 
180 181 187 188 177 197 206 215 620 710 728 818 935 989 1043 1097 
180 184 185 187 179 196 205 214 619 709 727 817 934 988 1042 1096 
180 183 186 188 176 195 204 213 618 708 726 816 933 987 1041 1095 
181 183 186 187 172 193 202 211 616 706 724 814 931 985 1039 1093 
181 184 185 188 175 191 200 209 614 704 722 812 929 983 1037 1091 
182 183 185 188 174 190 199 208 613 703 721 811 928 982 1036 1090 
182 184 186 187 173 192 201 210 615 705 723 813 930 984 1038 1092 
190 191 192 193 162 180 198 207 621 711 729 819 918 972 1026 1080 
189 191 194 195 169 187 203 212 626 716 734 824 923 977 1031 1085 
189 190 196 197 168 186 206 215 629 719 737 827 926 980 1034 1088 
189 193 194 196 170 188 205 214 628 718 736 826 925 979 1033 1087 
189 192 195 197 167 185 204 213 627 717 735 825 924 978 1032 1086 
190 192 195 196 163 181 202 211 625 715 733 823 922 976 1030 1084 
190 193 194 197 166 184 200 209 623 713 731 821 920 974 1028 1082 
191 192 194 197 165 183 199 208 622 712 730 820 919 973 1027 1081 
191 193 195 196 164 182 201 210 624 714 732 822 921 975 1029 1083 
199 200 201 202 153 180 189 207 630 684 738 792 909 999 1017 1107 
198 200 203 204 160 187 196 212 635 689 743 797 914 1004 1022 1112 
198 199 205 206 159 186 195 215 638 692 746 800 917 1007 1025 1115 
198 202 203 205 161 188 197 214 637 691 745 799 916 1006 1024 1114 
198 201 204 206 158 185 194 213 636 690 744 798 915 1005 1023 1113 
199 201 204 205 154 181 190 211 634 688 742 796 913 1003 1021 1111 
199 202 203 206 157 184 193 209 632 686 740 794 911 1001 1019 1109 
200 201 203 206 156 183 192 208 631 685 739 793 910 1000 1018 1108 
200 202 204 205 155 182 191 210 633 687 741 795 912 1002 1020 1110 
208 209 210 211 144 180 189 198 639 693 747 801 900 990 1008 1098 
207 209 212 213 151 187 196 205 644 698 752 806 905 995 1013 1103 
207 208 214 215 150 186 195 204 647 701 755 809 908 998 1016 1106 
207 211 212 214 152 188 197 206 646 700 754 808 907 997 1015 1105 
207 210 213 215 149 185 194 203 645 699 753 807 906 996 1014 1104 
208 210 213 214 145 181 190 199 643 697 751 805 904 994 1012 1102 
208 211 212 215 148 184 193 202 641 695 749 803 902 992 1010 1100 
209 210 212 215 147 183 192 201 640 694 748 802 901 991 1009 1099 
209 211 213 214 146 182 191 200 642 696 750 804 903 993 1011 1101 
217 218 219 220 225 234 243 279 576 675 774 837 927 972 1017 1098 
216 218 221 222 230 239 248 284 581 680 779 842 932 977 1022 1103 
216 217 223 224 233 242 251 287 584 683 782 845 935 980 1025 1106 
216 220 221 223 232 241 250 286 583 682 781 844 934 979 1024 1105 
216 219 222 224 231 240 249 285 582 681 780 843 933 978 1023 1104 
217 219 222 223 229 238 247 283 580 679 778 841 931 976 1021 1102 
217 220 221 224 227 236 245 281 578 677 776 839 929 974 1019 1100 
218 219 221 224 226 235 244 280 577 676 775 838 928 973 1018 1099 
218 220 222 223 228 237 246 282 579 678 777 840 930 975 1020 1101 
226 227 228 229 216 234 243 270 585 666 783 828 918 981 1008 1107 
225 227 230 231 223 239 248 275 590 671 788 833 923 986 1013 1112 
225 226 232 233 222 242 251 278 593 674 791 836 926 989 1016 1115 
225 229 230 232 224 241 250 277 592 673 790 835 925 988 1015 1114 
225 228 231 233 221 240 249 276 591 672 789 834 924 987 1014 1113 
226 228 231 232 217 238 247 274 589 670 787 832 922 985 1012 1111 
226 229 230 233 220 236 245 272 587 668 785 830 920 983 1010 1109 
227 228 230 233 219 235 244 271 586 667 784 829 919 982 1009 1108 
227 229 231 232 218 237 246 273 588 669 786 831 921 984 1011 1110 
235 236 237 238 216 225 243 261 594 657 756 855 909 990 1035 1080 
234 236 239 240 223 232 248 266 599 662 761 860 914 995 1040 1085 
234 235 241 242 222 231 251 269 602 665 764 863 917 998 1043 1088 
234 238 239 241 224 233 250 268 601 664 763 862 916 997 1042 1087 
234 237 240 242 221 230 249 267 600 663 762 861 915 996 1041 1086 
235 237 240 241 217 226 247 265 598 661 760 859 913 994 1039 1084 
235 238 239 242 220 229 245 263 596 659 758 857 911 992 1037 1082 
236 237 239 242 219 228 244 262 595 658 757 856 910 991 1036 1081 
236 238 240 241 218 227 246 264 597 660 759 858 912 993 1038 1083 
244 245 246 247 216 225 234 252 603 648 765 846 900 999 1026 1089 
243 245 248 249 223 232 241 257 608 653 770 851 905 1004 1031 1094 
243 244 250 251 222 231 240 260 611 656 773 854 908 1007 1034 1097 
243 247 248 250 224 233 242 259 610 655 772 853 907 1006 1033 1096 
243 246 249 251 221 230 239 258 609 654 771 852 906 1005 1032 1095 
244 246 249 250 217 226 235 256 607 652 769 850 904 1003 1030 1093 
244 247 248 251 220 229 238 254 605 650 767 848 902 1001 1028 1091 
245 246 248 251 219 228 237 253 604 649 766 847 901 1000 1027 1090 
245 247 249 250 218 227 236 255 606 651 768 849 903 1002 1029 1092 
253 254 255 256 243 261 270 279 612 711 738 801 891 936 1053 1134 
252 254 257 258 250 266 275 284 617 716 743 806 896 941 1058 1139 
252 253 259 260 249 269 278 287 620 719 746 809 899 944 1061 1142 
252 256 257 259 251 268 277 286 619 718 745 808 898 943 1060 1141 
252 255 258 260 248 267 276 285 618 717 744 807 897 942 1059 1140 
253 255 258 259 244 265 274 283 616 715 742 805 895 940 1057 1138 
253 256 257 260 247 263 272 281 614 713 740 803 893 938 1055 1136 
254 255 257 260 246 262 271 280 613 712 739 802 892 937 1054 1135 
254 256 258 259 245 264 273 282 615 714 741 804 894 939 1056 1137 
262 263 264 265 234 252 270 279 621 702 747 792 882 945 1044 1143 
261 263 266 267 241 259 275 284 626 707 752 797 887 950 1049 1148 
261 262 268 269 240 258 278 287 629 710 755 800 890 953 1052 1151 
261 265 266 268 242 260 277 286 628 709 754 799 889 952 1051 1150 
261 264 267 269 239 257 276 285 627 708 753 798 888 951 1050 1149 
262 264 267 268 235 253 274 283 625 706 751 796 886 949 1048 1147 
262 265 266 269 238 256 272 281 623 704 749 794 884 947 1046 1145 
263 264 266 269 237 255 271 280 622 703 748 793 883 946 1045 1144 
263 265 267 268 236 254 273 282 624 705 750 795 885 948 1047 1146 
271 272 273 274 225 252 261 279 630 693 720 819 873 954 1071 1116 
270 272 275 276 232 259 268 284 635 698 725 824 878 959 1076 1121 
270 271 277 278 231 258 267 287 638 701 728 827 881 962 1079 1124 
270 274 275 277 233 260 269 286 637 700 727 826 880 961 1078 1123 
270 273 276 278 230 257 266 285 636 699 726 825 879 960 1077 1122 
271 273 276 277 226 253 262 283 634 697 724 823 877 958 1075 1120 
271 274 275 278 229 256 265 281 632 695 722 821 875 956 1073 1118 
272 273 275 278 228 255 264 280 631 694 721 820 874 955 1072 1117 
272 274 276 277 227 254 263 282 633 696 723 822 876 957 1074 1119 
280 281 282 283 216 252 261 270 639 684 729 810 864 963 1062 1125 
279 281 284 285 223 259 268 277 644 689 734 815 869 968 1067 1130 
279 280 286 287 222 258 267 276 647 692 737 818 872 971 1070 1133 
279 283 284 286 224 260 269 278 646 691 736 817 871 970 1069 1132 
279 282 285 287 221 257 266 275 645 690 735 816 870 969 1068 1131 
280 282 285 286 217 253 262 271 643 688 733 814 868 967 1066 1129 
280 283 284 287 220 256 265 274 641 686 731 812 866 965 1064 1127 
281 282 284 287 219 255 264 273 640 685 730 811 865 964 1063 1126 
281 283 285 286 218 254 263 272 642 687 732 813 867 966 1065 1128 
289 290 291 292 297 306 315 351 576 684 747 855 918 954 1053 1089 
288 290 293 294 302 311 320 356 581 689 752 860 923 959 1058 1094 
288 289 295 296 305 314 323 359 584 692 755 863 926 962 1061 1097 
288 292 293 295 304 313 322 358 583 691 754 862 925 961 1060 1096 
288 291 294 296 303 312 321 357 582 690 753 861 924 960 1059 1095 
289 291 294 295 301 310 319 355 580 688 751 859 922 958 1057 1093 
289 292 293 296 299 308 317 353 578 686 749 857 920 956 1055 1091 
290 291 293 296 298 307 316 352 577 685 748 856 919 955 1054 1090 
290 292 294 295 300 309 318 354 579 687 750 858 921 957 1056 1092 
298 299 300 301 288 306 315 342 585 693 738 846 927 963 1044 1080 
297 299 302 303 295 311 320 347 590 698 743 851 932 968 1049 1085 
297 298 304 305 294 314 323 350 593 701 746 854 935 971 1052 1088 
297 301 302 304 296 313 322 349 592 700 745 853 934 970 1051 1087 
297 300 303 305 293 312 321 348 591 699 744 852 933 969 1050 1086 
298 300 303 304 289 310 319 346 589 697 742 850 931 967 1048 1084 
298 301 302 305 292 308 317 344 587 695 740 848 929 965 1046 1082 
299 300 302 305 291 307 316 343 586 694 739 847 928 964 1045 1081 
299 301 303 304 290 309 318 345 588 696 741 849 930 966 1047 1083 
307 308 309 310 288 297 315 333 594 702 729 837 900 936 1071 1107 
306 308 311 312 295 304 320 338 599 707 734 842 905 941 1076 1112 
306 307 313 314 294 303 323 341 602 710 737 845 908 944 1079 1115 
306 310 311 313 296 305 322 340 601 709 736 844 907 943 1078 1114 
306 309 312 314 293 302 321 339 600 708 735 843 906 942 1077 1113 
307 309 312 313 289 298 319 337 598 706 733 841 904 940 1075 1111 
307 310 311 314 292 301 317 335 596 704 731 839 902 938 1073 1109 
308 309 311 314 291 300 316 334 595 703 730 838 901 937 1072 1108 
308 310 312 313 290 299 318 336 597 705 732 840 903 939 1074 1110 
316 317 318 319 288 297 306 324 603 711 720 828 909 945 1062 1098 
315 317 320 321 295 304 313 329 608 716 725 833 914 950 1067 1103 
315 316 322 323 294 303 312 332 611 719 728 836 917 953 1070 1106 
315 319 320 322 296 305 314 331 610 718 727 835 916 952 1069 1105 
315 318 321 323 293 302 311 330 609 717 726 834 915 951 1068 1104 
316 318 321 322 289 298 307 328 607 715 724 832 913 949 1066 1102 
316 319 320 323 292 301 310 326 605 713 722 830 911 947 1064 1100 
317 318 320 323 291 300 309 325 604 712 721 829 910 946 1063 1099 
317 319 321 322 290 299 308 327 606 714 723 831 912 948 1065 1101 
325 326 327 328 315 333 342 351 612 648 783 819 882 990 1017 1125 
324 326 329 330 322 338 347 356 617 653 788 824 887 995 1022 1130 
324 325 331 332 321 341 350 359 620 656 791 827 890 998 1025 1133 
324 328 329 331 323 340 349 358 619 655 790 826 889 997 1024 1132 
324 327 330 332 320 339 348 357 618 654 789 825 888 996 1023 1131 
325 327 330 331 316 337 346 355 616 652 787 823 886 994 1021 1129 
325 328 329 332 319 335 344 353 614 650 785 821 884 992 1019 1127 
326 327 329 332 318 334 343 352 613 649 784 820 883 991 1018 1126 
326 328 330 331 317 336 345 354 615 651 786 822 885 993 1020 1128 
334 335 336 337 306 324 342 351 621 657 774 810 891 999 1008 1116 
333 335 338 339 313 331 347 356 626 662 779 815 896 1004 1013 1121 
333 334 340 341 312 330 350 359 629 665 782 818 899 1007 1016 1124 
333 337 338 340 314 332 349 358 628 664 781 817 898 1006 1015 1123 
333 336 339 341 311 329 348 357 627 663 780 816 897 1005 1014 1122 
334 336 339 340 307 325 346 355 625 661 778 814 895 1003 1012 1120 
334 337 338 341 310 328 344 353 623 659 776 812 893 1001 1010 1118 
335 336 338 341 309 327 343 352 622 658 775 811 892 1000 1009 1117 
335 337 339 340 308 326 345 354 624 660 777 813 894 1002 1011 1119 
343 344 345 346 297 324 333 351 630 666 765 801 864 972 1035 1143 
342 344 347 348 304 331 340 356 635 671 770 806 869 977 1040 1148 
342 343 349 350 303 330 339 359 638 674 773 809 872 980 1043 1151 
342 346 347 349 305 332 341 358 637 673 772 808 871 979 1042 1150 
342 345 348 350 302 329 338 357 636 672 771 807 870 978 1041 1149 
343 345 348 349 298 325 334 355 634 670 769 805 868 976 1039 1147 
343 346 347 350 301 328 337 353 632 668 767 803 866 974 1037 1145 
344 345 347 350 300 327 336 352 631 667 766 802 865 973 1036 1144 
344 346 348 349 299 326 335 354 633 669 768 804 867 975 1038 1146 
352 353 354 355 288 324 333 342 639 675 756 792 873 981 1026 1134 
351 353 356 357 295 331 340 349 644 680 761 797 878 986 1031 1139 
351 352 358 359 294 330 339 348 647 683 764 800 881 989 1034 1142 
351 355 356 358 296 332 341 350 646 682 763 799 880 988 1033 1141 
351 354 357 359 293 329 338 347 645 681 762 798 879 987 1032 1140 
352 354 357 358 289 325 334 343 643 679 760 796 877 985 1030 1138 
352 355 356 359 292 328 337 346 641 677 758 794 875 983 1028 1136 
353 354 356 359 291 327 336 345 640 676 757 793 874 982 1027 1135 
353 355 357 358 290 326 335 344 642 678 759 795 876 984 1029 1137 
361 362 363 364 369 378 387 423 576 693 729 828 882 999 1035 1134 
360 362 365 366 374 383 392 428 581 698 734 833 887 1004 1040 1139 
360 361 367 368 377 386 395 431 584 701 737 836 890 1007 1043 1142 
360 364 365 367 376 385 394 430 583 700 736 835 889 1006 1042 1141 
360 363 366 368 375 384 393 429 582 699 735 834 888 1005 1041 1140 
361 363 366 367 373 382 391 427 580 697 733 832 886 1003 1039 1138 
361 364 365 368 371 380 389 425 578 695 731 830 884 1001 1037 1136 
362 363 365 368 370 379 388 424 577 694 730 829 883 1000 1036 1135 
362 364 366 367 372 381 390 426 579 696 732 831 885 1002 1038 1137 
370 371 372 373 360 378 387 414 585 684 720 837 891 990 1026 1143 
369 371 374 375 367 383 392 419 590 689 725 842 896 995 1031 1148 
369 370 376 377 366 386 395 422 593 692 728 845 899 998 1034 1151 
369 373 374 376 368 385 394 421 592 691 727 844 898 997 1033 1150 
369 372 375 377 365 384 393 420 591 690 726 843 897 996 1032 1149 
370 372 375 376 361 382 391 418 589 688 724 841 895 994 1030 1147 
370 373 374 377 364 380 389 416 587 686 722 839 893 992 1028 1145 
371 372 374 377 363 379 388 415 586 685 721 838 892 991 1027 1144 
371 373 375 376 362 381 390 417 588 687 723 840 894 993 1029 1146 
379 380 381 382 360 369 387 405 594 711 747 846 864 981 1017 1116 
378 380 383 384 367 376 392 410 599 716 752 851 869 986 1022 1121 
378 379 385 386 366 375 395 413 602 719 755 854 872 989 1025 1124 
378 382 383 385 368 377 394 412 601 718 754 853 871 988 1024 1123 
378 381 384 386 365 374 393 411 600 717 753 852 870 987 1023 1122 
379 381 384 385 361 370 391 409 598 715 751 850 868 985 1021 1120 
379 382 383 386 364 373 389 407 596 713 749 848 866 983 1019 1118 
380 381 383 386 363 372 388 406 595 712 748 847 865 982 1018 1117 
380 382 384 385 362 371 390 408 597 714 750 849 867 984 1020 1119 
388 389 390 391 360 369 378 396 603 702 738 855 873 972 1008 1125 
387 389 392 393 367 376 385 401 608 707 743 860 878 977 1013 1130 
387 388 394 395 366 375 384 404 611 710 746 863 881 980 1016 1133 
387 391 392 394 368 377 386 403 610 709 745 862 880 979 1015 1132 
387 390 393 395 365 374 383 402 609 708 744 861 879 978 1014 1131 
388 390 393 394 361 370 379 400 607 706 742 859 877 976 1012 1129 
388 391 392 395 364 373 382 398 605 704 740 857 875 974 1010 1127 
389 390 392 395 363 372 381 397 604 703 739 856 874 973 1009 1126 
389 391 393 394 362 371 380 399 606 705 741 858 876 975 1011 1128 
397 398 399 400 387 405 414 423 612 657 765 792 918 963 1071 1098 
396 398 401 402 394 410 419 428 617 662 770 797 923 968 1076 1103 
396 397 403 404 393 413 422 431 620 665 773 800 926 971 1079 1106 
396 400 401 403 395 412 421 430 619 664 772 799 925 970 1078 1105 
396 399 402 404 392 411 420 429 618 663 771 798 924 969 1077 1104 
397 399 402 403 388 409 418 427 616 661 769 796 922 967 1075 1102 
397 400 401 404 391 407 416 425 614 659 767 794 920 965 1073 1100 
398 399 401 404 390 406 415 424 613 658 766 793 919 964 1072 1099 
398 400 402 403 389 408 417 426 615 660 768 795 921 966 1074 1101 
406 407 408 409 378 396 414 423 621 648 756 801 927 954 1062 1107 
405 407 410 411 385 403 419 428 626 653 761 806 932 959 1067 1112 
405 406 412 413 384 402 422 431 629 656 764 809 935 962 1070 1115 
405 409 410 412 386 404 421 430 628 655 763 808 934 961 1069 1114 
405 408 411 413 383 401 420 429 627 654 762 807 933 960 1068 1113 
406 408 411 412 379 397 418 427 625 652 760 805 931 958 1066 1111 
406 409 410 413 382 400 416 425 623 650 758 803 929 956 1064 1109 
407 408 410 413 381 399 415 424 622 649 757 802 928 955 1063 1108 
407 409 411 412 380 398 417 426 624 651 759 804 930 957 1065 1110 
415 416 417 418 369 396 405 423 630 675 783 810 900 945 1053 1080 
414 416 419 420 376 403 412 428 635 680 788 815 905 950 1058 1085 
414 415 421 422 375 402 411 431 638 683 791 818 908 953 1061 1088 
414 418 419 421 377 404 413 430 637 682 790 817 907 952 1060 1087 
414 417 420 422 374 401 410 429 636 681 789 816 906 951 1059 1086 
415 417 420 421 370 397 406 427 634 679 787 814 904 949 1057 1084 
415 418 419 422 373 400 409 425 632 677 785 812 902 947 1055 1082 
416 417 419 422 372 399 408 424 631 676 784 811 901 946 1054 1081 
416 418 420 421 371 398 407 426 633 678 786 813 903 948 1056 1083 
424 425 426 427 360 396 405 414 639 666 774 819 909 936 1044 1089 
423 425 428 429 367 403 412 421 644 671 779 824 914 941 1049 1094 
423 424 430 431 366 402 411 420 647 674 782 827 917 944 1052 1097 
423 427 428 430 368 404 413 422 646 673 781 826 916 943 1051 1096 
423 426 429 431 365 401 410 419 645 672 780 825 915 942 1050 1095 
424 426 429 430 361 397 406 415 643 670 778 823 913 940 1048 1093 
424 427 428 431 364 400 409 418 641 668 776 821 911 938 1046 1091 
425 426 428 431 363 399 408 417 640 667 775 820 910 937 1045 1090 
425 427 429 430 362 398 407 416 642 669 777 822 912 939 1047 1092 
433 434 435 436 441 450 459 495 576 702 783 801 909 963 1026 1116 
432 434 437 438 446 455 464 500 581 707 788 806 914 968 1031 1121 
432 433 439 440 449 458 467 503 584 710 791 809 917 971 1034 1124 
432 436 437 439 448 457 466 502 583 709 790 808 916 970 1033 1123 
432 435 438 440 447 456 465 501 582 708 789 807 915 969 1032 1122 
433 435 438 439 445 454 463 499 580 706 787 805 913 967 1030 1120 
433 436 437 440 443 452 461 497 578 704 785 803 911 965 1028 1118 
434 435 437 440 442 451 460 496 577 703 784 802 910 964 1027 1117 
434 436 438 439 444 453 462 498 579 705 786 804 912 966 1029 1119 
442 443 444 445 432 450 459 486 585 711 774 792 900 954 1035 1125 
441 443 446 447 439 455 464 491 590 716 779 797 905 959 1040 1130 
441 442 448 449 438 458 467 494 593 719 782 800 908 962 1043 1133 
441 445 446 448 440 457 466 493 592 718 781 799 907 961 1042 1132 
441 444 447 449 437 456 465 492 591 717 780 798 906 960 1041 1131 
442 444 447 448 433 454 463 490 589 715 778 796 904 958 1039 1129 
442 445 446 449 436 452 461 488 587 713 776 794 902 956 1037 1127 
443 444 446 449 435 451 460 487 586 712 775 793 901 955 1036 1126 
443 445 447 448 434 453 462 489 588 714 777 795 903 957 1038 1128 
451 452 453 454 432 441 459 477 594 684 765 819 927 945 1008 1134 
450 452 455 456 439 448 464 482 599 689 770 824 932 950 1013 1139 
450 451 457 458 438 447 467 485 602 692 773 827 935 953 1016 1142 
450 454 455 457 440 449 466 484 601 691 772 826 934 952 1015 1141 
450 453 456 458 437 446 465 483 600 690 771 825 933 951 1014 1140 
451 453 456 457 433 442 463 481 598 688 769 823 931 949 1012 1138 
451 454 455 458 436 445 461 479 596 686 767 821 929 947 1010 1136 
452 453 455 458 435 444 460 478 595 685 766 820 928 946 1009 1135 
452 454 456 457 434 443 462 480 597 687 768 822 930 948 1011 1137 
460 461 462 463 432 441 450 468 603 693 756 810 918 936 1017 1143 
459 461 464 465 439 448 457 473 608 698 761 815 923 941 1022 1148 
459 460 466 467 438 447 456 476 611 701 764 818 926 944 1025 1151 
459 463 464 466 440 449 458 475 610 700 763 817 925 943 1024 1150 
459 462 465 467 437 446 455 474 609 699 762 816 924 942 1023 1149 
460 462 465 466 433 442 451 472 607 697 760 814 922 940 1021 1147 
460 463 464 467 436 445 454 470 605 695 758 812 920 938 1019 1145 
461 462 464 467 435 444 453 469 604 694 757 811 919 937 1018 1144 
461 463 465 466 434 443 452 471 606 696 759 813 921 939 1020 1146 
469 470 471 472 459 477 486 495 612 666 747 837 873 999 1062 1080 
468 470 473 474 466 482 491 500 617 671 752 842 878 1004 1067 1085 
468 469 475 476 465 485 494 503 620 674 755 845 881 1007 1070 1088 
468 472 473 475 467 484 493 502 619 673 754 844 880 1006 1069 1087 
468 471 474 476 464 483 492 501 618 672 753 843 879 1005 1068 1086 
469 471 474 475 460 481 490 499 616 670 751 841 877 1003 1066 1084 
469 472 473 476 463 479 488 497 614 668 749 839 875 1001 1064 1082 
470 471 473 476 462 478 487 496 613 667 748 838 874 1000 1063 1081 
470 472 474 475 461 480 489 498 615 669 750 840 876 1002 1065 1083 
478 479 480 481 450 468 486 495 621 675 738 828 864 990 1071 1089 
477 479 482 483 457 475 491 500 626 680 743 833 869 995 1076 1094 
477 478 484 485 456 474 494 503 629 683 746 836 872 998 1079 1097 
477 481 482 484 458 476 493 502 628 682 745 835 871 997 1078 1096 
477 480 483 485 455 473 492 501 627 681 744 834 870 996 1077 1095 
478 480 483 484 451 469 490 499 625 679 742 832 868 994 1075 1093 
478 481 482 485 454 472 488 497 623 677 740 830 866 992 1073 1091 
479 480 482 485 453 471 487 496 622 676 739 829 865 991 1072 1090 
479 481 483 484 452 470 489 498 624 678 741 831 867 993 1074 1092 
487 488 489 490 441 468 477 495 630 648 729 855 891 981 1044 1098 
486 488 491 492 448 475 484 500 635 653 734 860 896 986 1049 1103 
486 487 493 494 447 474 483 503 638 656 737 863 899 989 1052 1106 
486 490 491 493 449 476 485 502 637 655 736 862 898 988 1051 1105 
486 489 492 494 446 473 482 501 636 654 735 861 897 987 1050 1104 
487 489 492 493 442 469 478 499 634 652 733 859 895 985 1048 1102 
487 490 491 494 445 472 481 497 632 650 731 857 893 983 1046 1100 
488 489 491 494 444 471 480 496 631 649 730 856 892 982 1045 1099 
488 490 492 493 443 470 479 498 633 651 732 858 894 984 1047 1101 
496 497 498 499 432 468 477 486 639 657 720 846 882 972 1053 1107 
495 497 500 501 439 475 484 493 644 662 725 851 887 977 1058 1112 
495 496 502 503 438 474 483 492 647 665 728 854 890 980 1061 1115 
495 499 500 502 440 476 485 494 646 664 727 853 889 979 1060 1114 
495 498 501 503 437 473 482 491 645 663 726 852 888 978 1059 1113 
496 498 501 502 433 469 478 487 643 661 724 850 886 976 1057 1111 
496 499 500 503 436 472 481 490 641 659 722 848 884 974 1055 1109 
497 498 500 503 435 471 480 489 640 658 721 847 883 973 1054 1108 
497 499 501 502 434 470 479 488 642 660 723 849 885 975 1056 1110 
505 506 507 508 513 522 531 567 576 711 765 810 873 990 1044 1107 
504 506 509 510 518 527 536 572 581 716 770 815 878 995 1049 1112 
504 505 511 512 521 530 539 575 584 719 773 818 881 998 1052 1115 
504 508 509 511 520 529 538 574 583 718 772 817 880 997 1051 1114 
504 507 510 512 519 528 537 573 582 717 771 816 879 996 1050 1113 
505 507 510 511 517 526 535 571 580 715 769 814 877 994 1048 1111 
505 508 509 512 515 524 533 569 578 713 767 812 875 992 1046 1109 
506 507 509 512 514 523 532 568 577 712 766 811 874 991 1045 1108 
506 508 510 511 516 525 534 570 579 714 768 813 876 993 1047 1110 
514 515 516 517 504 522 531 558 585 702 756 819 864 999 1053 1098 
513 515 518 519 511 527 536 563 590 707 761 824 869 1004 1058 1103 
513 514 520 521 510 530 539 566 593 710 764 827 872 1007 1061 1106 
513 517 518 520 512 529 538 565 592 709 763 826 871 1006 1060 1105 
513 516 519 521 509 528 537 564 591 708 762 825 870 1005 1059 1104 
514 516 519 520 505 526 535 562 589 706 760 823 868 1003 1057 1102 
514 517 518 521 508 524 533 560 587 704 758 821 866 1001 1055 1100 
515 516 518 521 507 523 532 559 586 703 757 820 865 1000 1054 1099 
515 517 519 520 506 525 534 561 588 705 759 822 867 1002 1056 1101 
523 524 525 526 504 513 531 549 594 693 783 792 891 972 1062 1089 
522 524 527 528 511 520 536 554 599 698 788 797 896 977 1067 1094 
522 523 529 530 510 519 539 557 602 701 791 800 899 980 1070 1097 
522 526 527 529 512 521 538 556 601 700 790 799 898 979 1069 1096 
522 525 528 530 509 518 537 555 600 699 789 798 897 978 1068 1095 
523 525 528 529 505 514 535 553 598 697 787 796 895 976 1066 1093 
523 526 527 530 508 517 533 551 596 695 785 794 893 974 1064 1091 
524 525 527 530 507 516 532 550 595 694 784 793 892 973 1063 1090 
524 526 528 529 506 515 534 552 597 696 786 795 894 975 1065 1092 
532 533 534 535 504 513 522 540 603 684 774 801 882 981 1071 1080 
531 533 536 537 511 520 529 545 608 689 779 806 887 986 1076 1085 
531 532 538 539 510 519 528 548 611 692 782 809 890 989 1079 1088 
531 535 536 538 512 521 530 547 610 691 781 808 889 988 1078 1087 
531 534 537 539 509 518 527 546 609 690 780 807 888 987 1077 1086 
532 534 537 538 505 514 523 544 607 688 778 805 886 985 1075 1084 
532 535 536 539 508 517 526 542 605 686 776 803 884 983 1073 1082 
533 534 536 539 507 516 525 541 604 685 775 802 883 982 1072 1081 
533 535 537 538 506 515 524 543 606 687 777 804 885 984 1074 1083 
541 542 543 544 531 549 558 567 612 675 729 846 909 954 1008 1143 
540 542 545 546 538 554 563 572 617 680 734 851 914 959 1013 1148 
540 541 547 548 537 557 566 575 620 683 737 854 917 962 1016 1151 
540 544 545 547 539 556 565 574 619 682 736 853 916 961 1015 1150 
540 543 546 548 536 555 564 573 618 681 735 852 915 960 1014 1149 
541 543 546 547 532 553 562 571 616 679 733 850 913 958 1012 1147 
541 544 545 548 535 551 560 569 614 677 731 848 911 956 1010 1145 
542 543 545 548 534 550 559 568 613 676 730 847 910 955 1009 1144 
542 544 546 547 533 552 561 570 615 678 732 849 912 957 1011 1146 
550 551 552 553 522 540 558 567 621 666 720 855 900 963 1017 1134 
549 551 554 555 529 547 563 572 626 671 725 860 905 968 1022 1139 
549 550 556 557 528 546 566 575 629 674 728 863 908 971 1025 1142 
549 553 554 556 530 548 565 574 628 673 727 862 907 970 1024 1141 
549 552 555 557 527 545 564 573 627 672 726 861 906 969 1023 1140 
550 552 555 556 523 541 562 571 625 670 724 859 904 967 1021 1138 
550 553 554 557 526 544 560 569 623 668 722 857 902 965 1019 1136 
551 552 554 557 525 543 559 568 622 667 721 856 901 964 1018 1135 
551 553 555 556 524 542 561 570 624 669 723 858 903 966 1020 1137 
559 560 561 562 513 540 549 567 630 657 747 828 927 936 1026 1125 
558 560 563 564 520 547 556 572 635 662 752 833 932 941 1031 1130 
558 559 565 566 519 546 555 575 638 665 755 836 935 944 1034 1133 
558 562 563 565 521 548 557 574 637 664 754 835 934 943 1033 1132 
558 561 564 566 518 545 554 573 636 663 753 834 933 942 1032 1131 
559 561 564 565 514 541 550 571 634 661 751 832 931 940 1030 1129 
559 562 563 566 517 544 553 569 632 659 749 830 929 938 1028 1127 
560 561 563 566 516 543 552 568 631 658 748 829 928 937 1027 1126 
560 562 564 565 515 542 551 570 633 660 750 831 930 939 1029 1128 
568 569 570 571 504 540 549 558 639 648 738 837 918 945 1035 1116 
567 569 572 573 511 547 556 565 644 653 743 842 923 950 1040 1121 
567 568 574 575 510 546 555 564 647 656 746 845 926 953 1043 1124 
567 571 572 574 512 548 557 566 646 655 745 844 925 952 1042 1123 
567 570 573 575 509 545 554 563 645 654 744 843 924 951 1041 1122 
568 570 573 574 505 541 550 559 643 652 742 841 922 949 1039 1120 
568 571 572 575 508 544 553 562 641 650 740 839 920 947 1037 1118 
569 570 572 575 507 543 552 561 640 649 739 838 919 946 1036 1117 
569 571 573 574 506 542 551 560 642 651 741 840 921 948 1038 1119 
577 578 579 580 0 72 144 216 288 360 432 504 585 612 621 630 
576 578 581 582 7 79 151 223 295 367 439 511 590 617 626 635 
576 577 583 584 6 78 150 222 294 366 438 510 593 620 629 638 
576 580 581 583 8 80 152 224 296 368 440 512 592 619 628 637 
576 579 582 584 5 77 149 221 293 365 437 509 591 618 627 636 
577 579 582 583 1 73 145 217 289 361 433 505 589 616 625 634 
577 580 581 584 4 76 148 220 292 364 436 508 587 614 623 632 
578 579 581 584 3 75 147 219 291 363 435 507 586 613 622 631 
578 580 582 583 2 74 146 218 290 362 434 506 588 615 624 633 
586 587 588 589 9 81 153 225 297 369 441 513 576 612 621 639 
585 587 590 591 16 88 160 232 304 376 448 520 583 617 626 644 
585 586 592 593 15 87 159 231 303 375 447 519 582 620 629 647 
585 589 590 592 17 89 161 233 305 377 449 521 584 619 628 646 
585 588 591 593 14 86 158 230 302 374 446 518 581 618 627 645 
586 588 591 592 10 82 154 226 298 370 442 514 577 616 625 643 
586 589 590 593 13 85 157 229 301 373 445 517 580 614 623 641 
587 588 590 593 12 84 156 228 300 372 444 516 579 613 622 640 
587 589 591 592 11 83 155 227 299 371 443 515 578 615 624 642 
595 596 597 598 18 90 162 234 306 378 450 522 603 612 630 639 
594 596 599 600 25 97 169 241 313 385 457 529 608 617 635 644 
594 595 601 602 24 96 168 240 312 384 456 528 611 620 638 647 
594 598 599 601 26 98 170 242 314 386 458 530 610 619 637 646 
594 597 600 602 23 95 167 239 311 383 455 527 609 618 636 645 
595 597 600 601 19 91 163 235 307 379 451 523 607 616 634 643 
595 598 599 602 22 94 166 238 310 382 454 526 605 614 632 641 
596 597 599 602 21 93 165 237 309 381 453 525 604 613 631 640 
596 598 600 601 20 92 164 236 308 380 452 524 606 615 633 642 
604 605 606 607 27 99 171 243 315 387 459 531 594 621 630 639 
603 605 608 609 34 106 178 250 322 394 466 538 601 626 635 644 
603 604 610 611 33 105 177 249 321 393 465 537 600 629 638 647 
603 607 608 610 35 107 179 251 323 395 467 539 602 628 637 646 
603 606 609 611 32 104 176 248 320 392 464 536 599 627 636 645 
604 606 609 610 28 100 172 244 316 388 460 532 595 625 634 643 
604 607 608 611 31 103 175 247 319 391 463 535 598 623 632 641 
605 606 608 611 30 102 174 246 318 390 462 534 597 622 631 640 
605 607 609 610 29 101 173 245 317 389 461 533 596 624 633 642 
613 614 615 616 36 108 180 252 324 396 468 540 576 585 594 621 
612 614 617 618 43 115 187 259 331 403 475 547 583 592 601 626 
612 613 619 620 42 114 186 258 330 402 474 546 582 591 600 629 
612 616 617 619 44 116 188 260 332 404 476 548 584 593 602 628 
612 615 618 620 41 113 185 257 329 401 473 545 581 590 599 627 
613 615 618 619 37 109 181 253 325 397 469 541 577 586 595 625 
613 616 617 620 40 112 184 256 328 400 472 544 580 589 598 623 
614 615 617 620 39 111 183 255 327 399 471 543 579 588 597 622 
614 616 618 619 38 110 182 254 326 398 470 542 578 587 596 624 
622 623 624 625 45 117 189 261 333 405 477 549 576 585 603 612 
621 623 626 627 52 124 196 268 340 412 484 556 583 592 610 619 
621 622 628 629 51 123 195 267 339 411 483 555 582 591 609 618 
621 625 626 628 53 125 197 269 341 413 485 557 584 593 611 620 
621 624 627 629 50 122 194 266 338 410 482 554 581 590 608 617 
622 624 627 628 46 118 190 262 334 406 478 550 577 586 604 613 
622 625 626 629 49 121 193 265 337 409 481 553 580 589 607 616 
623 624 626 629 48 120 192 264 336 408 480 552 579 588 606 615 
623 625 627 628 47 119 191 263 335 407 479 551 578 587 605 614 
631 632 633 634 54 126 198 270 342 414 486 558 576 594 603 639 
630 632 635 636 61 133 205 277 349 421 493 565 583 601 610 644 
630 631 637 638 60 132 204 276 348 420 492 564 582 600 609 647 
630 634 635 637 62 134 206 278 350 422 494 566 584 602 611 646 
630 633 636 638 59 131 203 275 347 419 491 563 581 599 608 645 
631 633 636 637 55 127 199 271 343 415 487 559 577 595 604 643 
631 634 635 638 58 130 202 274 346 418 490 562 580 598 607 641 
632 633 635 638 57 129 201 273 345 417 489 561 579 597 606 640 
632 634 636 637 56 128 200 272 344 416 488 560 578 596 605 642 
640 641 642 643 63 135 207 279 351 423 495 567 585 594 603 630 
639 641 644 645 70 142 214 286 358 430 502 574 592 601 610 637 
639 640 646 647 69 141 213 285 357 429 501 573 591 600 609 636 
639 643 644 646 71 143 215 287 359 431 503 575 593 602 611 638 
639 642 645 647 68 140 212 284 356 428 500 572 590 599 608 635 
640 642 645 646 64 136 208 280 352 424 496 568 586 595 604 631 
640 643 644 647 67 139 211 283 355 427 499 571 589 598 607 634 
641 642 644 647 66 138 210 282 354 426 498 570 588 597 606 633 
641 643 645 646 65 137 209 281 353 425 497 569 587 596 605 632 
649 650 651 652 0 81 162 243 324 405 486 567 657 684 693 702 
648 650 653 654 7 88 169 250 331 412 493 574 662 689 698 707 
648 649 655 656 6 87 168 249 330 411 492 573 665 692 701 710 
648 652 653 655 8 89 170 251 332 413 494 575 664 691 700 709 
648 651 654 656 5 86 167 248 329 410 491 572 663 690 699 708 
649 651 654 655 1 82 163 244 325 406 487 568 661 688 697 706 
649 652 653 656 4 85 166 247 328 409 490 571 659 686 695 704 
650 651 653 656 3 84 165 246 327 408 489 570 658 685 694 703 
650 652 654 655 2 83 164 245 326 407 488 569 660 687 696 705 
658 659 660 661 9 72 171 234 333 396 495 558 648 684 693 711 
657 659 662 663 16 79 178 241 340 403 502 565 655 689 698 716 
657 658 664 665 15 78 177 240 339 402 501 564 654 692 701 719 
657 661 662 664 17 80 179 242 341 404 503 566 656 691 700 718 
657 660 663 665 14 77 176 239 338 401 500 563 653 690 699 717 
658 660 663 664 10 73 172 235 334 397 496 559 649 688 697 715 
658 661 662 665 13 76 175 238 337 400 499 562 652 686 695 713 
659 660 662 665 12 75 174 237 336 399 498 561 651 685 694 712 
659 661 663 664 11 74 173 236 335 398 497 560 650 687 696 714 
667 668 669 670 18 99 144 225 342 423 468 549 675 684 702 711 
666 668 671 672 25 106 151 232 349 430 475 556 680 689 707 716 
666 667 673 674 24 105 150 231 348 429 474 555 683 692 710 719 
666 670 671 673 26 107 152 233 350 431 476 557 682 691 709 718 
666 669 672 674 23 104 149 230 347 428 473 554 681 690 708 717 
667 669 672 673 19 100 145 226 343 424 469 550 679 688 706 715 
667 670 671 674 22 103 148 229 346 427 472 553 677 686 704 713 
668 669 671 674 21 102 147 228 345 426 471 552 676 685 703 712 
668 670 672 673 20 101 146 227 344 425 470 551 678 687 705 714 
676 677 678 679 27 90 153 216 351 414 477 540 666 693 702 711 
675 677 680 681 34 97 160 223 358 421 484 547 673 698 707 716 
675 676 682 683 33 96 159 222 357 420 483 546 672 701 710 719 
675 679 680 682 35 98 161 224 359 422 485 548 674 700 709 718 
675 678 681 683 32 95 158 221 356 419 482 545 671 699 708 717 
676 678 681 682 28 91 154 217 352 415 478 541 667 697 706 715 
676 679 680 683 31 94 157 220 355 418 481 544 670 695 704 713 
677 678 680 683 30 93 156 219 354 417 480 543 669 694 703 712 
677 679 681 682 29 92 155 218 353 416 479 542 668 696 705 714 
685 686 687 688 36 117 198 279 288 369 450 531 648 657 666 693 
684 686 689 690 43 124 205 286 295 376 457 538 655 664 673 698 
684 685 691 692 42 123 204 285 294 375 456 537 654 663 672 701 
684 688 689 691 44 125 206 287 296 377 458 539 656 665 674 700 
684 687 690 692 41 122 203 284 293 374 455 536 653 662 671 699 
685 687 690 691 37 118 199 280 289 370 451 532 649 658 667 697 
685 688 689 692 40 121 202 283 292 373 454 535 652 661 670 695 
686 687 689 692 39 120 201 282 291 372 453 534 651 660 669 694 
686 688 690 691 38 119 200 281 290 371 452 533 650 659 668 696 
694 695 696 697 45 108 207 270 297 360 459 522 648 657 675 684 
693 695 698 699 52 115 214 277 304 367 466 529 655 664 682 691 
693 694 700 701 51 114 213 276 303 366 465 528 654 663 681 690 
693 697 698 700 53 116 215 278 305 368 467 530 656 665 683 692 
693 696 699 701 50 113 212 275 302 365 464 527 653 662 680 689 
694 696 699 700 46 109 208 271 298 361 460 523 649 658 676 685 
694 697 698 701 49 112 211 274 301 364 463 526 652 661 679 688 
695 696 698 701 48 111 210 273 300 363 462 525 651 660 678 687 
695 697 699 700 47 110 209 272 299 362 461 524 650 659 677 686 
703 704 705 706 54 135 180 261 306 387 432 513 648 666 675 711 
702 704 707 708 61 142 187 268 313 394 439 520 655 673 682 716 
702 703 709 710 60 141 186 267 312 393 438 519 654 672 681 719 
702 706 707 709 62 143 188 269 314 395 440 521 656 674 683 718 
702 705 708 710 59 140 185 266 311 392 437 518 653 671 680 717 
703 705 708 709 55 136 181 262 307 388 433 514 649 667 676 715 
703 706 707 710 58 139 184 265 310 391 436 517 652 670 679 713 
704 705 707 710 57 138 183 264 309 390 435 516 651 669 678 712 
704 706 708 709 56 137 182 263 308 389 434 515 650 668 677 714 
712 713 714 715 63 126 189 252 315 378 441 504 657 666 675 702 
711 713 716 717 70 133 196 259 322 385 448 511 664 673 682 709 
711 712 718 719 69 132 195 258 321 384 447 510 663 672 681 708 
711 715 716 718 71 134 197 260 323 386 449 512 665 674 683 710 
711 714 717 719 68 131 194 257 320 383 446 509 662 671 680 707 
712 714 717 718 64 127 190 253 316 379 442 505 658 667 676 703 
712 715 716 719 67 130 193 256 319 382 445 508 661 670 679 706 
713 714 716 719 66 129 192 255 318 381 444 507 660 669 678 705 
713 715 717 718 65 128 191 254 317 380 443 506 659 668 677 704 
721 722 723 724 0 90 180 270 315 369 495 549 729 756 765 774 
720 722 725 726 7 97 187 277 322 376 502 556 734 761 770 779 
720 721 727 728 6 96 186 276 321 375 501 555 737 764 773 782 
720 724 725 727 8 98 188 278 323 377 503 557 736 763 772 781 
720 723 726 728 5 95 185 275 320 374 500 554 735 762 771 780 
721 723 726 727 1 91 181 271 316 370 496 550 733 760 769 778 
721 724 725 728 4 94 184 274 319 373 499 553 731 758 767 776 
722 723 725 728 3 93 183 273 318 372 498 552 730 757 766 775 
722 724 726 727 2 92 182 272 317 371 497 551 732 759 768 777 
730 731 732 733 9 99 189 279 306 360 486 540 720 756 765 783 
729 731 734 735 16 106 196 286 313 367 493 547 727 761 770 788 
729 730 736 737 15 105 195 285 312 366 492 546 726 764 773 791 
729 733 734 736 17 107 197 287 314 368 494 548 728 763 772 790 
729 732 735 737 14 104 194 284 311 365 491 545 725 762 771 789 
730 732 735 736 10 100 190 280 307 361 487 541 721 760 769 787 
730 733 734 737 13 103 193 283 310 364 490 544 724 758 767 785 
731 732 734 737 12 102 192 282 309 363 489 543 723 757 766 784 
731 733 735 736 11 101 191 281 308 362 488 542 722 759 768 786 
739 740 741 742 18 72 198 252 297 387 477 567 747 756 774 783 
738 740 743 744 25 79 205 259 304 394 484 574 752 761 779 788 
738 739 745 746 24 78 204 258 303 393 483 573 755 764 782 791 
738 742 743 745 26 80 206 260 305 395 485 575 754 763 781 790 
738 741 744 746 23 77 203 257 302 392 482 572 753 762 780 789 
739 741 744 745 19 73 199 253 298 388 478 568 751 760 778 787 
739 742 743 746 22 76 202 256 301 391 481 571 749 758 776 785 
740 741 743 746 21 75 201 255 300 390 480 570 748 757 775 784 
740 742 744 745 20 74 200 254 299 389 479 569 750 759 777 786 
748 749 750 751 27 81 207 261 288 378 468 558 738 765 774 783 
747 749 752 753 34 88 214 268 295 385 475 565 745 770 779 788 
747 748 754 755 33 87 213 267 294 384 474 564 744 773 782 791 
747 751 752 754 35 89 215 269 296 386 476 566 746 772 781 790 
747 750 753 755 32 86 212 266 293 383 473 563 743 771 780 789 
748 750 753 754 28 82 208 262 289 379 469 559 739 769 778 787 
748 751 752 755 31 85 211 265 292 382 472 562 742 767 776 785 
749 750 752 755 30 84 210 264 291 381 471 561 741 766 775 784 
749 751 753 754 29 83 209 263 290 380 470 560 740 768 777 786 
757 758 759 760 36 126 144 234 351 405 459 513 720 729 738 765 
756 758 761 762 43 133 151 241 358 412 466 520 727 736 745 770 
756 757 763 764 42 132 150 240 357 411 465 519 726 735 744 773 
756 760 761 763 44 134 152 242 359 413 467 521 728 737 746 772 
756 759 762 764 41 131 149 239 356 410 464 518 725 734 743 771 
757 759 762 763 37 127 145 235 352 406 460 514 721 730 739 769 
757 760 761 764 40 130 148 238 355 409 463 517 724 733 742 767 
758 759 761 764 39 129 147 237 354 408 462 516 723 732 741 766 
758 760 762 763 38 128 146 236 353 407 461 515 722 731 740 768 
766 767 768 769 45 135 153 243 342 396 450 504 720 729 747 756 
765 767 770 771 52 142 160 250 349 403 457 511 727 736 754 763 
765 766 772 773 51 141 159 249 348 402 456 510 726 735 753 762 
765 769 770 772 53 143 161 251 350 404 458 512 728 737 755 764 
765 768 771 773 50 140 158 248 347 401 455 509 725 734 752 761 
766 768 771 772 46 136 154 244 343 397 451 505 721 730 748 757 
766 769 770 773 49 139 157 247 346 400 454 508 724 733 751 760 
767 768 770 773 48 138 156 246 345 399 453 507 723 732 750 759 
767 769 771 772 47 137 155 245 344 398 452 506 722 731 749 758 
775 776 777 778 54 108 162 216 333 423 441 531 720 738 747 783 
774 776 779 780 61 115 169 223 340 430 448 538 727 745 754 788 
774 775 781 782 60 114 168 222 339 429 447 537 726 744 753 791 
774 778 779 781 62 116 170 224 341 431 449 539 728 746 755 790 
774 777 780 782 59 113 167 221 338 428 446 536 725 743 752 789 
775 777 780 781 55 109 163 217 334 424 442 532 721 739 748 787 
775 778 779 782 58 112 166 220 337 427 445 535 724 742 751 785 
776 777 779 782 57 111 165 219 336 426 444 534 723 741 750 784 
776 778 780 781 56 110 164 218 335 425 443 533 722 740 749 786 
784 785 786 787 63 117 171 225 324 414 432 522 729 738 747 774 
783 785 788 789 70 124 178 232 331 421 439 529 736 745 754 781 
783 784 790 791 69 123 177 231 330 420 438 528 735 744 753 780 
783 787 788 790 71 125 179 233 332 422 440 530 737 746 755 782 
783 786 789 791 68 122 176 230 329 419 437 527 734 743 752 779 
784 786 789 790 64 118 172 226 325 415 433 523 730 739 748 775 
784 787 788 791 67 121 175 229 328 418 436 526 733 742 751 778 
785 786 788 791 66 120 174 228 327 417 435 525 732 741 750 777 
785 787 789 790 65 119 173 227 326 416 434 524 731 740 749 776 
793 794 795 796 0 99 198 261 351 396 441 522 801 828 837 846 
792 794 797 798 7 106 205 268 358 403 448 529 806 833 842 851 
792 793 799 800 6 105 204 267 357 402 447 528 809 836 845 854 
792 796 797 799 8 107 206 269 359 404 449 530 808 835 844 853 
792 795 798 800 5 104 203 266 356 401 446 527 807 834 843 852 
793 795 798 799 1 100 199 262 352 397 442 523 805 832 841 850 
793 796 797 800 4 103 202 265 355 400 445 526 803 830 839 848 
794 795 797 800 3 102 201 264 354 399 444 525 802 829 838 847 
794 796 798 799 2 101 200 263 353 398 443 524 804 831 840 849 
802 803 804 805 9 90 207 252 342 405 432 531 792 828 837 855 
801 803 806 807 16 97 214 259 349 412 439 538 799 833 842 860 
801 802 808 809 15 96 213 258 348 411 438 537 798 836 845 863 
801 805 806 808 17 98 215 260 350 413 440 539 800 835 844 862 
801 804 807 809 14 95 212 257 347 410 437 536 797 834 843 861 
802 804 807 808 10 91 208 253 343 406 433 532 793 832 841 859 
802 805 806 809 13 94 211 256 346 409 436 535 796 830 839 857 
803 804 806 809 12 93 210 255 345 408 435 534 795 829 838 856 
803 805 807 808 11 92 209 254 344 407 434 533 794 831 840 858 
811 812 813 814 18 81 180 279 333 414 459 504 819 828 846 855 
810 812 815 816 25 88 187 286 340 421 466 511 824 833 851 860 
810 811 817 818 24 87 186 285 339 420 465 510 827 836 854 863 
810 814 815 817 26 89 188 287 341 422 467 512 826 835 853 862 
810 813 816 818 23 86 185 284 338 419 464 509 825 834 852 861 
811 813 816 817 19 82 181 280 334 415 460 505 823 832 850 859 
811 814 815 818 22 85 184 283 337 418 463 508 821 830 848 857 
812 813 815 818 21 84 183 282 336 417 462 507 820 829 847 856 
812 814 816 817 20 83 182 281 335 416 461 506 822 831 849 858 
820 821 822 823 27 72 189 270 324 423 450 513 810 837 846 855 
819 821 824 825 34 79 196 277 331 430 457 520 817 842 851 860 
819 820 826 827 33 78 195 276 330 429 456 519 816 845 854 863 
819 823 824 826 35 80 197 278 332 431 458 521 818 844 853 862 
819 822 825 827 32 77 194 275 329 428 455 518 815 843 852 861 
820 822 825 826 28 73 190 271 325 424 451 514 811 841 850 859 
820 823 824 827 31 76 193 274 328 427 454 517 814 839 848 857 
821 822 824 827 30 75 192 273 327 426 453 516 813 838 847 856 
821 823 825 826 29 74 191 272 326 425 452 515 812 840 849 858 
829 830 831 832 36 135 162 225 315 360 477 558 792 801 810 837 
828 830 833 834 43 142 169 232 322 367 484 565 799 808 817 842 
828 829 835 836 42 141 168 231 321 366 483 564 798 807 816 845 
828 832 833 835 44 143 170 233 323 368 485 566 800 809 818 844 
828 831 834 836 41 140 167 230 320 365 482 563 797 806 815 843 
829 831 834 835 37 136 163 226 316 361 478 559 793 802 811 841 
829 832 833 836 40 139 166 229 319 364 481 562 796 805 814 839 
830 831 833 836 39 138 165 228 318 363 480 561 795 804 813 838 
830 832 834 835 38 137 164 227 317 362 479 560 794 803 812 840 
838 839 840 841 45 126 171 216 306 369 468 567 792 801 819 828 
837 839 842 843 52 133 178 223 313 376 475 574 799 808 826 835 
837 838 844 845 51 132 177 222 312 375 474 573 798 807 825 834 
837 841 842 844 53 134 179 224 314 377 476 575 800 809 827 836 
837 840 843 845 50 131 176 221 311 374 473 572 797 806 824 833 
838 840 843 844 46 127 172 217 307 370 469 568 793 802 820 829 
838 841 842 845 49 130 175 220 310 373 472 571 796 805 823 832 
839 840 842 845 48 129 174 219 309 372 471 570 795 804 822 831 
839 841 843 844 47 128 173 218 308 371 470 569 794 803 821 830 
847 848 849 850 54 117 144 243 297 378 495 540 792 810 819 855 
846 848 851 852 61 124 151 250 304 385 502 547 799 817 826 860 
846 847 853 854 60 123 150 249 303 384 501 546 798 816 825 863 
846 850 851 853 62 125 152 251 305 386 503 548 800 818 827 862 
846 849 852 854 59 122 149 248 302 383 500 545 797 815 824 861 
847 849 852 853 55 118 145 244 298 379 496 541 793 811 820 859 
847 850 851 854 58 121 148 247 301 382 499 544 796 814 823 857 
848 849 851 854 57 120 147 246 300 381 498 543 795 813 822 856 
848 850 852 853 56 119 146 245 299 380 497 542 794 812 821 858 
856 857 858 859 63 108 153 234 288 387 486 549 801 810 819 846 
855 857 860 861 70 115 160 241 295 394 493 556 808 817 826 853 
855 856 862 863 69 114 159 240 294 393 492 555 807 816 825 852 
855 859 860 862 71 116 161 242 296 395 494 557 809 818 827 854 
855 858 861 863 68 113 158 239 293 392 491 554 806 815 824 851 
856 858 861 862 64 109 154 235 289 388 487 550 802 811 820 847 
856 859 860 863 67 112 157 238 292 391 490 553 805 814 823 850 
857 858 860 863 66 111 156 237 291 390 489 552 804 813 822 849 
857 859 861 862 65 110 155 236 290 389 488 551 803 812 821 848 
865 866 867 868 0 108 171 279 342 378 477 513 873 900 909 918 
864 866 869 870 7 115 178 286 349 385 484 520 878 905 914 923 
864 865 871 872 6 114 177 285 348 384 483 519 881 908 917 926 
864 868 869 871 8 116 179 287 350 386 485 521 880 907 916 925 
864 867 870 872 5 113 176 284 347 383 482 518 879 906 915 924 
865 867 870 871 1 109 172 280 343 379 478 514 877 904 913 922 
865 868 869 872 4 112 175 283 346 382 481 517 875 902 911 920 
866 867 869 872 3 111 174 282 345 381 480 516 874 901 910 919 
866 868 870 871 2 110 173 281 344 380 479 515 876 903 912 921 
874 875 876 877 9 117 162 270 351 387 468 504 864 900 909 927 
873 875 878 879 16 124 169 277 358 394 475 511 871 905 914 932 
873 874 880 881 15 123 168 276 357 393 474 510 870 908 917 935 
873 877 878 880 17 125 170 278 359 395 476 512 872 907 916 934 
873 876 879 881 14 122 167 275 356 392 473 509 869 906 915 933 
874 876 879 880 10 118 163 271 352 388 469 505 865 904 913 931 
874 877 878 881 13 121 166 274 355 391 472 508 868 902 911 929 
875 876 878 881 12 120 165 273 354 390 471 507 867 901 910 928 
875 877 879 880 11 119 164 272 353 389 470 506 866 903 912 930 
883 884 885 886 18 126 153 261 324 360 495 531 891 900 918 927 
882 884 887 888 25 133 160 268 331 367 502 538 896 905 923 932 
882 883 889 890 24 132 159 267 330 366 501 537 899 908 926 935 
882 886 887 889 26 134 161 269 332 368 503 539 898 907 925 934 
882 885 888 890 23 131 158 266 329 365 500 536 897 906 924 933 
883 885 888 889 19 127 154 262 325 361 496 532 895 904 922 931 
883 886 887 890 22 130 157 265 328 364 499 535 893 902 920 929 
884 885 887 890 21 129 156 264 327 363 498 534 892 901 919 928 
884 886 888 889 20 128 155 263 326 362 497 533 894 903 921 930 
892 893 894 895 27 135 144 252 333 369 486 522 882 909 918 927 
891 893 896 897 34 142 151 259 340 376 493 529 889 914 923 932 
891 892 898 899 33 141 150 258 339 375 492 528 888 917 926 935 
891 895 896 898 35 143 152 260 341 377 494 530 890 916 925 934 
891 894 897 899 32 140 149 257 338 374 491 527 887 915 924 933 
892 894 897 898 28 136 145 253 334 370 487 523 883 913 922 931 
892 895 896 899 31 139 148 256 337 373 490 526 886 911 920 929 
893 894 896 899 30 138 147 255 336 372 489 525 885 910 919 928 
893 895 897 898 29 137 146 254 335 371 488 524 884 912 921 930 
901 902 903 904 36 72 207 243 306 414 441 549 864 873 882 909 
900 902 905 906 43 79 214 250 313 421 448 556 871 880 889 914 
900 901 907 908 42 78 213 249 312 420 447 555 870 879 888 917 
900 904 905 907 44 80 215 251 314 422 449 557 872 881 890 916 
900 903 906 908 41 77 212 248 311 419 446 554 869 878 887 915 
901 903 906 907 37 73 208 244 307 415 442 550 865 874 883 913 
901 904 905 908 40 76 211 247 310 418 445 553 868 877 886 911 
902 903 905 908 39 75 210 246 309 417 444 552 867 876 885 910 
902 904 906 907 38 74 209 245 308 416 443 551 866 875 884 912 
910 911 912 913 45 81 198 234 315 423 432 540 864 873 891 900 
909 911 914 915 52 88 205 241 322 430 439 547 871 880 898 907 
909 910 916 917 51 87 204 240 321 429 438 546 870 879 897 906 
909 913 914 916 53 89 206 242 323 431 440 548 872 881 899 908 
909 912 915 917 50 86 203 239 320 428 437 545 869 878 896 905 
910 912 915 916 46 82 199 235 316 424 433 541 865 874 892 901 
910 913 914 917 49 85 202 238 319 427 436 544 868 877 895 904 
911 912 914 917 48 84 201 237 318 426 435 543 867 876 894 903 
911 913 915 916 47 83 200 236 317 425 434 542 866 875 893 902 
919 920 921 922 54 90 189 225 288 396 459 567 864 882 891 927 
918 920 923 924 61 97 196 232 295 403 466 574 871 889 898 932 
918 919 925 926 60 96 195 231 294 402 465 573 870 888 897 935 
918 922 923 925 62 98 197 233 296 404 467 575 872 890 899 934 
918 921 924 926 59 95 194 230 293 401 464 572 869 887 896 933 
919 921 924 925 55 91 190 226 289 397 460 568 865 883 892 931 
919 922 923 926 58 94 193 229 292 400 463 571 868 886 895 929 
920 921 923 926 57 93 192 228 291 399 462 570 867 885 894 928 
920 922 924 925 56 92 191 227 290 398 461 569 866 884 893 930 
928 929 930 931 63 99 180 216 297 405 450 558 873 882 891 918 
927 929 932 933 70 106 187 223 304 412 457 565 880 889 898 925 
927 928 934 935 69 105 186 222 303 411 456 564 879 888 897 924 
927 931 932 934 71 107 188 224 305 413 458 566 881 890 899 926 
927 930 933 935 68 104 185 221 302 410 455 563 878 887 896 923 
928 930 933 934 64 100 181 217 298 406 451 559 874 883 892 919 
928 931 932 935 67 103 184 220 301 409 454 562 877 886 895 922 
929 930 932 935 66 102 183 219 300 408 453 561 876 885 894 921 
929 931 933 934 65 101 182 218 299 407 452 560 875 884 893 920 
937 938 939 940 0 117 153 252 306 423 459 558 945 972 981 990 
936 938 941 942 7 124 160 259 313 430 466 565 950 977 986 995 
936 937 943 944 6 123 159 258 312 429 465 564 953 980 989 998 
936 940 941 943 8 125 161 260 314 431 467 566 952 979 988 997 
936 939 942 944 5 122 158 257 311 428 464 563 951 978 987 996 
937 939 942 943 1 118 154 253 307 424 460 559 949 976 985 994 
937 940 941 944 4 121 157 256 310 427 463 562 947 974 983 992 
938 939 941 944 3 120 156 255 309 426 462 561 946 973 982 991 
938 940 942 943 2 119 155 254 308 425 461 560 948 975 984 993 
946 947 948 949 9 108 144 261 315 414 450 567 936 972 981 999 
945 947 950 951 16 115 151 268 322 421 457 574 943 977 986 1004 
945 946 952 953 15 114 150 267 321 420 456 573 942 980 989 1007 
945 949 950 952 17 116 152 269 323 422 458 575 944 979 988 1006 
945 948 951 953 14 113 149 266 320 419 455 572 941 978 987 1005 
946 948 951 952 10 109 145 262 316 415 451 568 937 976 985 1003 
946 949 950 953 13 112 148 265 319 418 454 571 940 974 983 1001 
947 948 950 953 12 111 147 264 318 417 453 570 939 973 982 1000 
947 949 951 952 11 110 146 263 317 416 452 569 938 975 984 1002 
955 956 957 958 18 135 171 270 288 405 441 540 963 972 990 999 
954 956 959 960 25 142 178 277 295 412 448 547 968 977 995 1004 
954 955 961 962 24 141 177 276 294 411 447 546 971 980 998 1007 
954 958 959 961 26 143 179 278 296 413 449 548 970 979 997 1006 
954 957 960 962 23 140 176 275 293 410 446 545 969 978 996 1005 
955 957 960 961 19 136 172 271 289 406 442 541 967 976 994 1003 
955 958 959 962 22 139 175 274 292 409 445 544 965 974 992 1001 
956 957 959 962 21 138 174 273 291 408 444 543 964 973 991 1000 
956 958 960 961 20 137 173 272 290 407 443 542 966 975 993 1002 
964 965 966 967 27 126 162 279 297 396 432 549 954 981 990 999 
963 965 968 969 34 133 169 286 304 403 439 556 961 986 995 1004 
963 964 970 971 33 132 168 285 303 402 438 555 960 989 998 1007 
963 967 968 970 35 134 170 287 305 404 440 557 962 988 997 1006 
963 966 969 971 32 131 167 284 302 401 437 554 959 987 996 1005 
964 966 969 970 28 127 163 280 298 397 433 550 955 985 994 1003 
964 967 968 971 31 130 166 283 301 400 436 553 958 983 992 1001 
965 966 968 971 30 129 165 282 300 399 435 552 957 982 991 1000 
965 967 969 970 29 128 164 281 299 398 434 551 956 984 993 1002 
973 974 975 976 36 81 189 216 342 387 495 522 936 945 954 981 
972 974 977 978 43 88 196 223 349 394 502 529 943 952 961 986 
972 973 979 980 42 87 195 222 348 393 501 528 942 951 960 989 
972 976 977 979 44 89 197 224 350 395 503 530 944 953 962 988 
972 975 978 980 41 86 194 221 347 392 500 527 941 950 959 987 
973 975 978 979 37 82 190 217 343 388 496 523 937 946 955 985 
973 976 977 980 40 85 193 220 346 391 499 526 940 949 958 983 
974 975 977 980 39 84 192 219 345 390 498 525 939 948 957 982 
974 976 978 979 38 83 191 218 344 389 497 524 938 947 956 984 
982 983 984 985 45 72 180 225 351 378 486 531 936 945 963 972 
981 983 986 987 52 79 187 232 358 385 493 538 943 952 970 979 
981 982 988 989 51 78 186 231 357 384 492 537 942 951 969 978 
981 985 986 988 53 80 188 233 359 386 494 539 944 953 971 980 
981 984 987 989 50 77 185 230 356 383 491 536 941 950 968 977 
982 984 987 988 46 73 181 226 352 379 487 532 937 946 964 973 
982 985 986 989 49 76 184 229 355 382 490 535 940 949 967 976 
983 984 986 989 48 75 183 228 354 381 489 534 939 948 966 975 
983 985 987 988 47 74 182 227 353 380 488 533 938 947 965 974 
991 992 993 994 54 99 207 234 324 369 477 504 936 954 963 999 
990 992 995 996 61 106 214 241 331 376 484 511 943 961 970 1004 
990 991 997 998 60 105 213 240 330 375 483 510 942 960 969 1007 
990 994 995 997 62 107 215 242 332 377 485 512 944 962 971 1006 
990 993 996 998 59 104 212 239 329 374 482 509 941 959 968 1005 
991 993 996 997 55 100 208 235 325 370 478 505 937 955 964 1003 
991 994 995 998 58 103 211 238 328 373 481 508 940 958 967 1001 
992 993 995 998 57 102 210 237 327 372 480 507 939 957 966 1000 
992 994 996 997 56 101 209 236 326 371 479 506 938 956 965 1002 
1000 1001 1002 1003 63 90 198 243 333 360 468 513 945 954 963 990 
999 1001 1004 1005 70 97 205 250 340 367 475 520 952 961 970 997 
999 1000 1006 1007 69 96 204 249 339 366 474 519 951 960 969 996 
999 1003 1004 1006 71 98 206 251 341 368 476 521 953 962 971 998 
999 1002 1005 1007 68 95 203 248 338 365 473 518 950 959 968 995 
1000 1002 1005 1006 64 91 199 244 334 361 469 514 946 955 964 991 
1000 1003 1004 1007 67 94 202 247 337 364 472 517 949 958 967 994 
1001 1002 1004 1007 66 93 201 246 336 363 471 516 948 957 966 993 
1001 1003 1005 1006 65 92 200 245 335 362 470 515 947 956 965 992 
1009 1010 1011 1012 0 126 207 225 333 387 450 540 1017 1044 1053 1062 
1008 1010 1013 1014 7 133 214 232 340 394 457 547 1022 1049 1058 1067 
1008 1009 1015 1016 6 132 213 231 339 393 456 546 1025 1052 1061 1070 
1008 1012 1013 1015 8 134 215 233 341 395 458 548 1024 1051 1060 1069 
1008 1011 1014 1016 5 131 212 230 338 392 455 545 1023 1050 1059 1068 
1009 1011 1014 1015 1 127 208 226 334 388 451 541 1021 1048 1057 1066 
1009 1012 1013 1016 4 130 211 229 337 391 454 544 1019 1046 1055 1064 
1010 1011 1013 1016 3 129 210 228 336 390 453 543 1018 1045 1054 1063 
1010 1012 1014 1015 2 128 209 227 335 389 452 542 1020 1047 1056 1065 
1018 1019 1020 1021 9 135 198 216 324 378 459 549 1008 1044 1053 1071 
1017 1019 1022 1023 16 142 205 223 331 385 466 556 1015 1049 1058 1076 
1017 1018 1024 1025 15 141 204 222 330 384 465 555 1014 1052 1061 1079 
1017 1021 1022 1024 17 143 206 224 332 386 467 557 1016 1051 1060 1078 
1017 1020 1023 1025 14 140 203 221 329 383 464 554 1013 1050 1059 1077 
1018 1020 1023 1024 10 136 199 217 325 379 460 550 1009 1048 1057 1075 
1018 1021 1022 1025 13 139 202 220 328 382 463 553 1012 1046 1055 1073 
1019 1020 1022 1025 12 138 201 219 327 381 462 552 1011 1045 1054 1072 
1019 1021 1023 1024 11 137 200 218 326 380 461 551 1010 1047 1056 1074 
1027 1028 1029 1030 18 108 189 243 351 369 432 558 1035 1044 1062 1071 
1026 1028 1031 1032 25 115 196 250 358 376 439 565 1040 1049 1067 1076 
1026 1027 1033 1034 24 114 195 249 357 375 438 564 1043 1052 1070 1079 
1026 1030 1031 1033 26 116 197 251 359 377 440 566 1042 1051 1069 1078 
1026 1029 1032 1034 23 113 194 248 356 374 437 563 1041 1050 1068 1077 
1027 1029 1032 1033 19 109 190 244 352 370 433 559 1039 1048 1066 1075 
1027 1030 1031 1034 22 112 193 247 355 373 436 562 1037 1046 1064 1073 
1028 1029 1031 1034 21 111 192 246 354 372 435 561 1036 1045 1063 1072 
1028 1030 1032 1033 20 110 191 245 353 371 434 560 1038 1047 1065 1074 
1036 1037 1038 1039 27 117 180 234 342 360 441 567 1026 1053 1062 1071 
1035 1037 1040 1041 34 124 187 241 349 367 448 574 1033 1058 1067 1076 
1035 1036 1042 1043 33 123 186 240 348 366 447 573 1032 1061 1070 1079 
1035 1039 1040 1042 35 125 188 242 350 368 449 575 1034 1060 1069 1078 
1035 1038 1041 1043 32 122 185 239 347 365 446 572 1031 1059 1068 1077 
1036 1038 1041 1042 28 118 181 235 343 361 442 568 1027 1057 1066 1075 
1036 1039 1040 1043 31 121 184 238 346 364 445 571 1030 1055 1064 1073 
1037 1038 1040 1043 30 120 183 237 345 363 444 570 1029 1054 1063 1072 
1037 1039 1041 1042 29 119 182 236 344 362 443 569 1028 1056 1065 1074 
1045 1046 1047 1048 36 90 171 261 297 423 486 504 1008 1017 1026 1053 
1044 1046 1049 1050 43 97 178 268 304 430 493 511 1015 1024 1033 1058 
1044 1045 1051 1052 42 96 177 267 303 429 492 510 1014 1023 1032 1061 
1044 1048 1049 1051 44 98 179 269 305 431 494 512 1016 1025 1034 1060 
1044 1047 1050 1052 41 95 176 266 302 428 491 509 1013 1022 1031 1059 
1045 1047 1050 1051 37 91 172 262 298 424 487 505 1009 1018 1027 1057 
1045 1048 1049 1052 40 94 175 265 301 427 490 508 1012 1021 1030 1055 
1046 1047 1049 1052 39 93 174 264 300 426 489 507 1011 1020 1029 1054 
1046 1048 1050 1051 38 92 173 263 299 425 488 506 1010 1019 1028 1056 
1054 1055 1056 1057 45 99 162 252 288 414 495 513 1008 1017 1035 1044 
1053 1055 1058 1059 52 106 169 259 295 421 502 520 1015 1024 1042 1051 
1053 1054 1060 1061 51 105 168 258 294 420 501 519 1014 1023 1041 1050 
1053 1057 1058 1060 53 107 170 260 296 422 503 521 1016 1025 1043 1052 
1053 1056 1059 1061 50 104 167 257 293 419 500 518 1013 1022 1040 1049 
1054 1056 1059 1060 46 100 163 253 289 415 496 514 1009 1018 1036 1045 
1054 1057 1058 1061 49 103 166 256 292 418 499 517 1012 1021 1039 1048 
1055 1056 1058 1061 48 102 165 255 291 417 498 516 1011 1020 1038 1047 
1055 1057 1059 1060 47 101 164 254 290 416 497 515 1010 1019 1037 1046 
1063 1064 1065 1066 54 72 153 279 315 405 468 522 1008 1026 1035 1071 
1062 1064 1067 1068 61 79 160 286 322 412 475 529 1015 1033 1042 1076 
1062 1063 1069 1070 60 78 159 285 321 411 474 528 1014 1032 1041 1079 
1062 1066 1067 1069 62 80 161 287 323 413 476 530 1016 1034 1043 1078 
1062 1065 1068 1070 59 77 158 284 320 410 473 527 1013 1031 1040 1077 
1063 1065 1068 1069 55 73 154 280 316 406 469 523 1009 1027 1036 1075 
1063 1066 1067 1070 58 76 157 283 319 409 472 526 1012 1030 1039 1073 
1064 1065 1067 1070 57 75 156 282 318 408 471 525 1011 1029 1038 1072 
1064 1066 1068 1069 56 74 155 281 317 407 470 524 1010 1028 1037 1074 
1072 1073 1074 1075 63 81 144 270 306 396 477 531 1017 1026 1035 1062 
1071 1073 1076 1077 70 88 151 277 313 403 484 538 1024 1033 1042 1069 
1071 1072 1078 1079 69 87 150 276 312 402 483 537 1023 1032 1041 1068 
1071 1075 1076 1078 71 89 152 278 314 404 485 539 1025 1034 1043 1070 
1071 1074 1077 1079 68 86 149 275 311 401 482 536 1022 1031 1040 1067 
1072 1074 1077 1078 64 82 145 271 307 397 478 532 1018 1027 1036 1063 
1072 1075 1076 1079 67 85 148 274 310 400 481 535 1021 1030 1039 1066 
1073 1074 1076 1079 66 84 147 273 309 399 480 534 1020 1029 1038 1065 
1073 1075 1077 1078 65 83 146 272 308 398 479 533 1019 1028 1037 1064 
1081 1082 1083 1084 0 135 189 234 297 414 468 531 1089 1116 1125 1134 
1080 1082 1085 1086 7 142 196 241 304 421 475 538 1094 1121 1130 1139 
1080 1081 1087 1088 6 141 195 240 303 420 474 537 1097 1124 1133 1142 
1080 1084 1085 1087 8 143 197 242 305 422 476 539 1096 1123 1132 1141 
1080 1083 1086 1088 5 140 194 239 302 419 473 536 1095 1122 1131 1140 
1081 1083 1086 1087 1 136 190 235 298 415 469 532 1093 1120 1129 1138 
1081 1084 1085 1088 4 139 193 238 301 418 472 535 1091 1118 1127 1136 
1082 1083 1085 1088 3 138 192 237 300 417 471 534 1090 1117 1126 1135 
1082 1084 1086 1087 2 137 191 236 299 416 470 533 1092 1119 1128 1137 
1090 1091 1092 1093 9 126 180 243 288 423 477 522 1080 1116 1125 1143 
1089 1091 1094 1095 16 133 187 250 295 430 484 529 1087 1121 1130 1148 
1089 1090 1096 1097 15 132 186 249 294 429 483 528 1086 1124 1133 1151 
1089 1093 1094 1096 17 134 188 251 296 431 485 530 1088 1123 1132 1150 
1089 1092 1095 1097 14 131 185 248 293 428 482 527 1085 1122 1131 1149 
1090 1092 1095 1096 10 127 181 244 289 424 478 523 1081 1120 1129 1147 
1090 1093 1094 1097 13 130 184 247 292 427 481 526 1084 1118 1127 1145 
1091 1092 1094 1097 12 129 183 246 291 426 480 525 1083 1117 1126 1144 
1091 1093 1095 1096 11 128 182 245 290 425 479 524 1082 1119 1128 1146 
1099 1100 1101 1102 18 117 207 216 315 396 486 513 1107 1116 1134 1143 
1098 1100 1103 1104 25 124 214 223 322 403 493 520 1112 1121 1139 1148 
1098 1099 1105 1106 24 123 213 222 321 402 492 519 1115 1124 1142 1151 
1098 1102 1103 1105 26 125 215 224 323 404 494 521 1114 1123 1141 1150 
1098 1101 1104 1106 23 122 212 221 320 401 491 518 1113 1122 1140 1149 
1099 1101 1104 1105 19 118 208 217 316 397 487 514 1111 1120 1138 1147 
1099 1102 1103 1106 22 121 211 220 319 400 490 517 1109 1118 1136 1145 
1100 1101 1103 1106 21 120 210 219 318 399 489 516 1108 1117 1135 1144 
1100 1102 1104 1105 20 119 209 218 317 398 488 515 1110 1119 1137 1146 
1108 1109 1110 1111 27 108 198 225 306 405 495 504 1098 1125 1134 1143 
1107 1109 1112 1113 34 115 205 232 313 412 502 511 1105 1130 1139 1148 
1107 1108 1114 1115 33 114 204 231 312 411 501 510 1104 1133 1142 1151 
1107 1111 1112 1114 35 116 206 233 314 413 503 512 1106 1132 1141 1150 
1107 1110 1113 1115 32 113 203 230 311 410 500 509 1103 1131 1140 1149 
1108 1110 1113 1114 28 109 199 226 307 406 496 505 1099 1129 1138 1147 
1108 1111 1112 1115 31 112 202 229 310 409 499 508 1102 1127 1136 1145 
1109 1110 1112 1115 30 111 201 228 309 408 498 507 1101 1126 1135 1144 
1109 1111 1113 1114 29 110 200 227 308 407 497 506 1100 1128 1137 1146 
1117 1118 1119 1120 36 99 153 270 333 378 432 567 1080 1089 1098 1125 
1116 1118 1121 1122 43 106 160 277 340 385 439 574 1087 1096 1105 1130 
1116 1117 1123 1124 42 105 159 276 339 384 438 573 1086 1095 1104 1133 
1116 1120 1121 1123 44 107 161 278 341 386 440 575 1088 1097 1106 1132 
1116 1119 1122 1124 41 104 158 275 338 383 437 572 1085 1094 1103 1131 
1117 1119 1122 1123 37 100 154 271 334 379 433 568 1081 1090 1099 1129 
1117 1120 1121 1124 40 103 157 274 337 382 436 571 1084 1093 1102 1127 
1118 1119 1121 1124 39 102 156 273 336 381 435 570 1083 1092 1101 1126 
1118 1120 1122 1123 38 101 155 272 335 380 434 569 1082 1091 1100 1128 
1126 1127 1128 1129 45 90 144 279 324 387 441 558 1080 1089 1107 1116 
1125 1127 1130 1131 52 97 151 286 331 394 448 565 1087 1096 1114 1123 
1125 1126 1132 1133 51 96 150 285 330 393 447 564 1086 1095 1113 1122 
1125 1129 1130 1132 53 98 152 287 332 395 449 566 1088 1097 1115 1124 
1125 1128 1131 1133 50 95 149 284 329 392 446 563 1085 1094 1112 1121 
1126 1128 1131 1132 46 91 145 280 325 388 442 559 1081 1090 1108 1117 
1126 1129 1130 1133 49 94 148 283 328 391 445 562 1084 1093 1111 1120 
1127 1128 1130 1133 48 93 147 282 327 390 444 561 1083 1092 1110 1119 
1127 1129 1131 1132 47 92 146 281 326 389 443 560 1082 1091 1109 1118 
1135 1136 1137 1138 54 81 171 252 351 360 450 549 1080 1098 1107 1143 
1134 1136 1139 1140 61 88 178 259 358 367 457 556 1087 1105 1114 1148 
1134 1135 1141 1142 60 87 177 258 357 366 456 555 1086 1104 1113 1151 
1134 1138 1139 1141 62 89 179 260 359 368 458 557 1088 1106 1115 1150 
1134 1137 1140 1142 59 86 176 257 356 365 455 554 1085 1103 1112 1149 
1135 1137 1140 1141 55 82 172 253 352 361 451 550 1081 1099 1108 1147 
1135 1138 1139 1142 58 85 175 256 355 364 454 553 1084 1102 1111 1145 
1136 1137 1139 1142 57 84 174 255 354 363 453 552 1083 1101 1110 1144 
1136 1138 1140 1141 56 83 173 254 353 362 452 551 1082 1100 1109 1146 
1144 1145 1146 1147 63 72 162 261 342 369 459 540 1089 1098 1107 1134 
1143 1145 1148 1149 70 79 169 268 349 376 466 547 1096 1105 1114 1141 
1143 1144 1150 1151 69 78 168 267 348 375 465 546 1095 1104 1113 1140 
1143 1147 1148 1150 71 80 170 269 350 377 467 548 1097 1106 1115 1142 
1143 1146 1149 1151 68 77 167 266 347 374 464 545 1094 1103 1112 1139 
1144 1146 1149 1150 64 73 163 262 343 370 460 541 1090 1099 1108 1135 
1144 1147 1148 1151 67 76 166 265 346 373 463 544 1093 1102 1111 1138 
1145 1146 1148 1151 66 75 165 264 345 372 462 543 1092 1101 1110 1137 
1145 1147 1149 1150 65 74 164 263 344 371 461 542 1091 1100 1109 1136 
