882 6615
1 2 3 4 9 27 36 54 441 504 567 630 693 756 819 
0 2 5 6 16 34 43 61 448 511 574 637 700 763 826 
0 1 7 8 15 33 42 60 447 510 573 636 699 762 825 
0 4 5 7 17 35 44 62 449 512 575 638 701 764 827 
0 3 6 8 14 32 41 59 446 509 572 635 698 761 824 
1 3 6 7 10 28 37 55 442 505 568 631 694 757 820 
1 4 5 8 13 31 40 58 445 508 571 634 697 760 823 
2 3 5 8 12 30 39 57 444 507 570 633 696 759 822 
2 4 6 7 11 29 38 56 443 506 569 632 695 758 821 
10 11 12 13 0 18 36 45 450 513 576 639 702 765 828 
9 11 14 15 5 25 43 52 457 520 583 646 709 772 835 
9 10 16 17 8 24 42 51 456 519 582 645 708 771 834 
9 13 14 16 7 26 44 53 458 521 584 647 710 773 836 
9 12 15 17 6 23 41 50 455 518 581 644 707 770 833 
10 12 15 16 4 19 37 46 451 514 577 640 703 766 829 
10 13 14 17 2 22 40 49 454 517 580 643 706 769 832 
11 12 14 17 1 21 39 48 453 516 579 642 705 768 831 
11 13 15 16 3 20 38 47 452 515 578 641 704 767 830 
19 20 21 22 9 27 45 54 459 522 585 648 711 774 837 
18 20 23 24 14 34 52 61 466 529 592 655 718 781 844 
18 19 25 26 17 33 51 60 465 528 591 654 717 780 843 
18 22 23 25 16 35 53 62 467 530 593 656 719 782 845 
18 21 24 26 15 32 50 59 464 527 590 653 716 779 842 
19 21 24 25 13 28 46 55 460 523 586 649 712 775 838 
19 22 23 26 11 31 49 58 463 526 589 652 715 778 841 
20 21 23 26 10 30 48 57 462 525 588 651 714 777 840 
20 22 24 25 12 29 47 56 461 524 587 650 713 776 839 
28 29 30 31 0 18 36 54 468 531 594 657 720 783 846 
27 29 32 33 5 23 43 61 475 538 601 664 727 790 853 
27 28 34 35 8 26 42 60 474 537 600 663 726 789 852 
27 31 32 34 7 25 44 62 476 539 602 665 728 791 854 
27 30 33 35 6 24 41 59 473 536 599 662 725 788 851 
28 30 33 34 4 22 37 55 469 532 595 658 721 784 847 
28 31 32 35 2 20 40 58 472 535 598 661 724 787 850 
29 30 32 35 1 19 39 57 471 534 597 660 723 786 849 
29 31 33 34 3 21 38 56 470 533 596 659 722 785 848 
37 38 39 40 0 9 27 45 477 540 603 666 729 792 855 
36 38 41 42 5 14 32 52 484 547 610 673 736 799 862 
36 37 43 44 8 17 35 51 483 546 609 672 735 798 861 
36 40 41 43 7 16 34 53 485 548 611 674 737 800 863 
36 39 42 44 6 15 33 50 482 545 608 671 734 797 860 
37 39 42 43 4 13 31 46 478 541 604 667 730 793 856 
37 40 41 44 2 11 29 49 481 544 607 670 733 796 859 
38 39 41 44 1 10 28 48 480 543 606 669 732 795 858 
38 40 42 43 3 12 30 47 479 542 605 668 731 794 857 
46 47 48 49 9 18 36 54 486 549 612 675 738 801 864 
45 47 50 51 14 23 41 61 493 556 619 682 745 808 871 
45 46 52 53 17 26 44 60 492 555 618 681 744 807 870 
45 49 50 52 16 25 43 62 494 557 620 683 746 809 872 
45 48 51 53 15 24 42 59 491 554 617 680 743 806 869 
46 48 51 52 13 22 40 55 487 550 613 676 739 802 865 
46 49 50 53 11 20 38 58 490 553 616 679 742 805 868 
47 48 50 53 10 19 37 57 489 552 615 678 741 804 867 
47 49 51 52 12 21 39 56 488 551 614 677 740 803 866 
55 56 57 58 0 18 27 45 495 558 621 684 747 810 873 
54 56 59 60 5 23 32 50 502 565 628 691 754 817 880 
54 55 61 62 8 26 35 53 501 564 627 690 753 816 879 
54 58 59 61 7 25 34 52 503 566 629 692 755 818 881 
54 57 60 62 6 24 33 51 500 563 626 689 752 815 878 
55 57 60 61 4 22 31 49 496 559 622 685 748 811 874 
55 58 59 62 2 20 29 47 499 562 625 688 751 814 877 
56 57 59 62 1 19 28 46 498 561 624 687 750 813 876 
56 58 60 61 3 21 30 48 497 560 623 686 749 812 875 
64 65 66 67 72 90 99 117 441 513 585 657 729 801 873 
63 65 68 69 79 97 106 124 448 520 592 664 736 808 880 
63 64 70 71 78 96 105 123 447 519 591 663 735 807 879 
63 67 68 70 80 98 107 125 449 521 593 665 737 809 881 
63 66 69 71 77 95 104 122 446 518 590 662 734 806 878 
64 66 69 70 73 91 100 118 442 514 586 658 730 802 874 
64 67 68 71 76 94 103 121 445 517 589 661 733 805 877 
65 66 68 71 75 93 102 120 444 516 588 660 732 804 876 
65 67 69 70 74 92 101 119 443 515 587 659 731 803 875 
73 74 75 76 63 81 99 108 450 522 594 666 738 810 819 
72 74 77 78 68 88 106 115 457 529 601 673 745 817 826 
72 73 79 80 71 87 105 114 456 528 600 672 744 816 825 
72 76 77 79 70 89 107 116 458 530 602 674 746 818 827 
72 75 78 80 69 86 104 113 455 527 599 671 743 815 824 
73 75 78 79 67 82 100 109 451 523 595 667 739 811 820 
73 76 77 80 65 85 103 112 454 526 598 670 742 814 823 
74 75 77 80 64 84 102 111 453 525 597 669 741 813 822 
74 76 78 79 66 83 101 110 452 524 596 668 740 812 821 
82 83 84 85 72 90 108 117 459 531 603 675 747 756 828 
81 83 86 87 77 97 115 124 466 538 610 682 754 763 835 
81 82 88 89 80 96 114 123 465 537 609 681 753 762 834 
81 85 86 88 79 98 116 125 467 539 611 683 755 764 836 
81 84 87 89 78 95 113 122 464 536 608 680 752 761 833 
82 84 87 88 76 91 109 118 460 532 604 676 748 757 829 
82 85 86 89 74 94 112 121 463 535 607 679 751 760 832 
83 84 86 89 73 93 111 120 462 534 606 678 750 759 831 
83 85 87 88 75 92 110 119 461 533 605 677 749 758 830 
91 92 93 94 63 81 99 117 468 540 612 684 693 765 837 
90 92 95 96 68 86 106 124 475 547 619 691 700 772 844 
90 91 97 98 71 89 105 123 474 546 618 690 699 771 843 
90 94 95 97 70 88 107 125 476 548 620 692 701 773 845 
90 93 96 98 69 87 104 122 473 545 617 689 698 770 842 
91 93 96 97 67 85 100 118 469 541 613 685 694 766 838 
91 94 95 98 65 83 103 121 472 544 616 688 697 769 841 
92 93 95 98 64 82 102 120 471 543 615 687 696 768 840 
92 94 96 97 66 84 101 119 470 542 614 686 695 767 839 
100 101 102 103 63 72 90 108 477 549 621 630 702 774 846 
99 101 104 105 68 77 95 115 484 556 628 637 709 781 853 
99 100 106 107 71 80 98 114 483 555 627 636 708 780 852 
99 103 104 106 70 79 97 116 485 557 629 638 710 782 854 
99 102 105 107 69 78 96 113 482 554 626 635 707 779 851 
100 102 105 106 67 76 94 109 478 550 622 631 703 775 847 
100 103 104 107 65 74 92 112 481 553 625 634 706 778 850 
101 102 104 107 64 73 91 111 480 552 624 633 705 777 849 
101 103 105 106 66 75 93 110 479 551 623 632 704 776 848 
109 110 111 112 72 81 99 117 486 558 567 639 711 783 855 
108 110 113 114 77 86 104 124 493 565 574 646 718 790 862 
108 109 115 116 80 89 107 123 492 564 573 645 717 789 861 
108 112 113 115 79 88 106 125 494 566 575 647 719 791 863 
108 111 114 116 78 87 105 122 491 563 572 644 716 788 860 
109 111 114 115 76 85 103 118 487 559 568 640 712 784 856 
109 112 113 116 74 83 101 121 490 562 571 643 715 787 859 
110 111 113 116 73 82 100 120 489 561 570 642 714 786 858 
110 112 114 115 75 84 102 119 488 560 569 641 713 785 857 
118 119 120 121 63 81 90 108 495 504 576 648 720 792 864 
117 119 122 123 68 86 95 113 502 511 583 655 727 799 871 
117 118 124 125 71 89 98 116 501 510 582 654 726 798 870 
117 121 122 124 70 88 97 115 503 512 584 656 728 800 872 
117 120 123 125 69 87 96 114 500 509 581 653 725 797 869 
118 120 123 124 67 85 94 112 496 505 577 649 721 793 865 
118 121 122 125 65 83 92 110 499 508 580 652 724 796 868 
119 120 122 125 64 82 91 109 498 507 579 651 723 795 867 
119 121 123 124 66 84 93 111 497 506 578 650 722 794 866 
127 128 129 130 135 153 162 180 441 522 603 684 702 783 864 
126 128 131 132 142 160 169 187 448 529 610 691 709 790 871 
126 127 133 134 141 159 168 186 447 528 609 690 708 789 870 
126 130 131 133 143 161 170 188 449 530 611 692 710 791 872 
126 129 132 134 140 158 167 185 446 527 608 689 707 788 869 
127 129 132 133 136 154 163 181 442 523 604 685 703 784 865 
127 130 131 134 139 157 166 184 445 526 607 688 706 787 868 
128 129 131 134 138 156 165 183 444 525 606 687 705 786 867 
128 130 132 133 137 155 164 182 443 524 605 686 704 785 866 
136 137 138 139 126 144 162 171 450 531 612 630 711 792 873 
135 137 140 141 131 151 169 178 457 538 619 637 718 799 880 
135 136 142 143 134 150 168 177 456 537 618 636 717 798 879 
135 139 140 142 133 152 170 179 458 539 620 638 719 800 881 
135 138 141 143 132 149 167 176 455 536 617 635 716 797 878 
136 138 141 142 130 145 163 172 451 532 613 631 712 793 874 
136 139 140 143 128 148 166 175 454 535 616 634 715 796 877 
137 138 140 143 127 147 165 174 453 534 615 633 714 795 876 
137 139 141 142 129 146 164 173 452 533 614 632 713 794 875 
145 146 147 148 135 153 171 180 459 540 621 639 720 801 819 
144 146 149 150 140 160 178 187 466 547 628 646 727 808 826 
144 145 151 152 143 159 177 186 465 546 627 645 726 807 825 
144 148 149 151 142 161 179 188 467 548 629 647 728 809 827 
144 147 150 152 141 158 176 185 464 545 626 644 725 806 824 
145 147 150 151 139 154 172 181 460 541 622 640 721 802 820 
145 148 149 152 137 157 175 184 463 544 625 643 724 805 823 
146 147 149 152 136 156 174 183 462 543 624 642 723 804 822 
146 148 150 151 138 155 173 182 461 542 623 641 722 803 821 
154 155 156 157 126 144 162 180 468 549 567 648 729 810 828 
153 155 158 159 131 149 169 187 475 556 574 655 736 817 835 
153 154 160 161 134 152 168 186 474 555 573 654 735 816 834 
153 157 158 160 133 151 170 188 476 557 575 656 737 818 836 
153 156 159 161 132 150 167 185 473 554 572 653 734 815 833 
154 156 159 160 130 148 163 181 469 550 568 649 730 811 829 
154 157 158 161 128 146 166 184 472 553 571 652 733 814 832 
155 156 158 161 127 145 165 183 471 552 570 651 732 813 831 
155 157 159 160 129 147 164 182 470 551 569 650 731 812 830 
163 164 165 166 126 135 153 171 477 558 576 657 738 756 837 
162 164 167 168 131 140 158 178 484 565 583 664 745 763 844 
162 163 169 170 134 143 161 177 483 564 582 663 744 762 843 
162 166 167 169 133 142 160 179 485 566 584 665 746 764 845 
162 165 168 170 132 141 159 176 482 563 581 662 743 761 842 
163 165 168 169 130 139 157 172 478 559 577 658 739 757 838 
163 166 167 170 128 137 155 175 481 562 580 661 742 760 841 
164 165 167 170 127 136 154 174 480 561 579 660 741 759 840 
164 166 168 169 129 138 156 173 479 560 578 659 740 758 839 
172 173 174 175 135 144 162 180 486 504 585 666 747 765 846 
171 173 176 177 140 149 167 187 493 511 592 673 754 772 853 
171 172 178 179 143 152 170 186 492 510 591 672 753 771 852 
171 175 176 178 142 151 169 188 494 512 593 674 755 773 854 
171 174 177 179 141 150 168 185 491 509 590 671 752 770 851 
172 174 177 178 139 148 166 181 487 505 586 667 748 766 847 
172 175 176 179 137 146 164 184 490 508 589 670 751 769 850 
173 174 176 179 136 145 163 183 489 507 588 669 750 768 849 
173 175 177 178 138 147 165 182 488 506 587 668 749 767 848 
181 182 183 184 126 144 153 171 495 513 594 675 693 774 855 
180 182 185 186 131 149 158 176 502 520 601 682 700 781 862 
180 181 187 188 134 152 161 179 501 519 600 681 699 780 861 
180 184 185 187 133 151 160 178 503 521 602 683 701 782 863 
180 183 186 188 132 150 159 177 500 518 599 680 698 779 860 
181 183 186 187 130 148 157 175 496 514 595 676 694 775 856 
181 184 185 188 128 146 155 173 499 517 598 679 697 778 859 
182 183 185 188 127 145 154 172 498 516 597 678 696 777 858 
182 184 186 187 129 147 156 174 497 515 596 677 695 776 857 
190 191 192 193 198 216 225 243 441 531 621 648 738 765 855 
189 191 194 195 205 223 232 250 448 538 628 655 745 772 862 
189 190 196 197 204 222 231 249 447 537 627 654 744 771 861 
189 193 194 196 206 224 233 251 449 539 629 656 746 773 863 
189 192 195 197 203 221 230 248 446 536 626 653 743 770 860 
190 192 195 196 199 217 226 244 442 532 622 649 739 766 856 
190 193 194 197 202 220 229 247 445 535 625 652 742 769 859 
191 192 194 197 201 219 228 246 444 534 624 651 741 768 858 
191 193 195 196 200 218 227 245 443 533 623 650 740 767 857 
199 200 201 202 189 207 225 234 450 540 567 657 747 774 864 
198 200 203 204 194 214 232 241 457 547 574 664 754 781 871 
198 199 205 206 197 213 231 240 456 546 573 663 753 780 870 
198 202 203 205 196 215 233 242 458 548 575 665 755 782 872 
198 201 204 206 195 212 230 239 455 545 572 662 752 779 869 
199 201 204 205 193 208 226 235 451 541 568 658 748 775 865 
199 202 203 206 191 211 229 238 454 544 571 661 751 778 868 
200 201 203 206 190 210 228 237 453 543 570 660 750 777 867 
200 202 204 205 192 209 227 236 452 542 569 659 749 776 866 
208 209 210 211 198 216 234 243 459 549 576 666 693 783 873 
207 209 212 213 203 223 241 250 466 556 583 673 700 790 880 
207 208 214 215 206 222 240 249 465 555 582 672 699 789 879 
207 211 212 214 205 224 242 251 467 557 584 674 701 791 881 
207 210 213 215 204 221 239 248 464 554 581 671 698 788 878 
208 210 213 214 202 217 235 244 460 550 577 667 694 784 874 
208 211 212 215 200 220 238 247 463 553 580 670 697 787 877 
209 210 212 215 199 219 237 246 462 552 579 669 696 786 876 
209 211 213 214 201 218 236 245 461 551 578 668 695 785 875 
217 218 219 220 189 207 225 243 468 558 585 675 702 792 819 
216 218 221 222 194 212 232 250 475 565 592 682 709 799 826 
216 217 223 224 197 215 231 249 474 564 591 681 708 798 825 
216 220 221 223 196 214 233 251 476 566 593 683 710 800 827 
216 219 222 224 195 213 230 248 473 563 590 680 707 797 824 
217 219 222 223 193 211 226 244 469 559 586 676 703 793 820 
217 220 221 224 191 209 229 247 472 562 589 679 706 796 823 
218 219 221 224 190 208 228 246 471 561 588 678 705 795 822 
218 220 222 223 192 210 227 245 470 560 587 677 704 794 821 
226 227 228 229 189 198 216 234 477 504 594 684 711 801 828 
225 227 230 231 194 203 221 241 484 511 601 691 718 808 835 
225 226 232 233 197 206 224 240 483 510 600 690 717 807 834 
225 229 230 232 196 205 223 242 485 512 602 692 719 809 836 
225 228 231 233 195 204 222 239 482 509 599 689 716 806 833 
226 228 231 232 193 202 220 235 478 505 595 685 712 802 829 
226 229 230 233 191 200 218 238 481 508 598 688 715 805 832 
227 228 230 233 190 199 217 237 480 507 597 687 714 804 831 
227 229 231 232 192 201 219 236 479 506 596 686 713 803 830 
235 236 237 238 198 207 225 243 486 513 603 630 720 810 837 
234 236 239 240 203 212 230 250 493 520 610 637 727 817 844 
234 235 241 242 206 215 233 249 492 519 609 636 726 816 843 
234 238 239 241 205 214 232 251 494 521 611 638 728 818 845 
234 237 240 242 204 213 231 248 491 518 608 635 725 815 842 
235 237 240 241 202 211 229 244 487 514 604 631 721 811 838 
235 238 239 242 200 209 227 247 490 517 607 634 724 814 841 
236 237 239 242 199 208 226 246 489 516 606 633 723 813 840 
236 238 240 241 201 210 228 245 488 515 605 632 722 812 839 
244 245 246 247 189 207 216 234 495 522 612 639 729 756 846 
243 245 248 249 194 212 221 239 502 529 619 646 736 763 853 
243 244 250 251 197 215 224 242 501 528 618 645 735 762 852 
243 247 248 250 196 214 223 241 503 530 620 647 737 764 854 
243 246 249 251 195 213 222 240 500 527 617 644 734 761 851 
244 246 249 250 193 211 220 238 496 523 613 640 730 757 847 
244 247 248 251 191 209 218 236 499 526 616 643 733 760 850 
245 246 248 251 190 208 217 235 498 525 615 642 732 759 849 
245 247 249 250 192 210 219 237 497 524 614 641 731 758 848 
253 254 255 256 261 279 288 306 441 540 576 675 711 810 846 
252 254 257 258 268 286 295 313 448 547 583 682 718 817 853 
252 253 259 260 267 285 294 312 447 546 582 681 717 816 852 
252 256 257 259 269 287 296 314 449 548 584 683 719 818 854 
252 255 258 260 266 284 293 311 446 545 581 680 716 815 851 
253 255 258 259 262 280 289 307 442 541 577 676 712 811 847 
253 256 257 260 265 283 292 310 445 544 580 679 715 814 850 
254 255 257 260 264 282 291 309 444 543 579 678 714 813 849 
254 256 258 259 263 281 290 308 443 542 578 677 713 812 848 
262 263 264 265 252 270 288 297 450 549 585 684 720 756 855 
261 263 266 267 257 277 295 304 457 556 592 691 727 763 862 
261 262 268 269 260 276 294 303 456 555 591 690 726 762 861 
261 265 266 268 259 278 296 305 458 557 593 692 728 764 863 
261 264 267 269 258 275 293 302 455 554 590 689 725 761 860 
262 264 267 268 256 271 289 298 451 550 586 685 721 757 856 
262 265 266 269 254 274 292 301 454 553 589 688 724 760 859 
263 264 266 269 253 273 291 300 453 552 588 687 723 759 858 
263 265 267 268 255 272 290 299 452 551 587 686 722 758 857 
271 272 273 274 261 279 297 306 459 558 594 630 729 765 864 
270 272 275 276 266 286 304 313 466 565 601 637 736 772 871 
270 271 277 278 269 285 303 312 465 564 600 636 735 771 870 
270 274 275 277 268 287 305 314 467 566 602 638 737 773 872 
270 273 276 278 267 284 302 311 464 563 599 635 734 770 869 
271 273 276 277 265 280 298 307 460 559 595 631 730 766 865 
271 274 275 278 263 283 301 310 463 562 598 634 733 769 868 
272 273 275 278 262 282 300 309 462 561 597 633 732 768 867 
272 274 276 277 264 281 299 308 461 560 596 632 731 767 866 
280 281 282 283 252 270 288 306 468 504 603 639 738 774 873 
279 281 284 285 257 275 295 313 475 511 610 646 745 781 880 
279 280 286 287 260 278 294 312 474 510 609 645 744 780 879 
279 283 284 286 259 277 296 314 476 512 611 647 746 782 881 
279 282 285 287 258 276 293 311 473 509 608 644 743 779 878 
280 282 285 286 256 274 289 307 469 505 604 640 739 775 874 
280 283 284 287 254 272 292 310 472 508 607 643 742 778 877 
281 282 284 287 253 271 291 309 471 507 606 642 741 777 876 
281 283 285 286 255 273 290 308 470 506 605 641 740 776 875 
289 290 291 292 252 261 279 297 477 513 612 648 747 783 819 
288 290 293 294 257 266 284 304 484 520 619 655 754 790 826 
288 289 295 296 260 269 287 303 483 519 618 654 753 789 825 
288 292 293 295 259 268 286 305 485 521 620 656 755 791 827 
288 291 294 296 258 267 285 302 482 518 617 653 752 788 824 
289 291 294 295 256 265 283 298 478 514 613 649 748 784 820 
289 292 293 296 254 263 281 301 481 517 616 652 751 787 823 
290 291 293 296 253 262 280 300 480 516 615 651 750 786 822 
290 292 294 295 255 264 282 299 479 515 614 650 749 785 821 
298 299 300 301 261 270 288 306 486 522 621 657 693 792 828 
297 299 302 303 266 275 293 313 493 529 628 664 700 799 835 
297 298 304 305 269 278 296 312 492 528 627 663 699 798 834 
297 301 302 304 268 277 295 314 494 530 629 665 701 800 836 
297 300 303 305 267 276 294 311 491 527 626 662 698 797 833 
298 300 303 304 265 274 292 307 487 523 622 658 694 793 829 
298 301 302 305 263 272 290 310 490 526 625 661 697 796 832 
299 300 302 305 262 271 289 309 489 525 624 660 696 795 831 
299 301 303 304 264 273 291 308 488 524 623 659 695 794 830 
307 308 309 310 252 270 279 297 495 531 567 666 702 801 837 
306 308 311 312 257 275 284 302 502 538 574 673 709 808 844 
306 307 313 314 260 278 287 305 501 537 573 672 708 807 843 
306 310 311 313 259 277 286 304 503 539 575 674 710 809 845 
306 309 312 314 258 276 285 303 500 536 572 671 707 806 842 
307 309 312 313 256 274 283 301 496 532 568 667 703 802 838 
307 310 311 314 254 272 281 299 499 535 571 670 706 805 841 
308 309 311 314 253 271 280 298 498 534 570 669 705 804 840 
308 310 312 313 255 273 282 300 497 533 569 668 704 803 839 
316 317 318 319 324 342 351 369 441 549 594 639 747 792 837 
315 317 320 321 331 349 358 376 448 556 601 646 754 799 844 
315 316 322 323 330 348 357 375 447 555 600 645 753 798 843 
315 319 320 322 332 350 359 377 449 557 602 647 755 800 845 
315 318 321 323 329 347 356 374 446 554 599 644 752 797 842 
316 318 321 322 325 343 352 370 442 550 595 640 748 793 838 
316 319 320 323 328 346 355 373 445 553 598 643 751 796 841 
317 318 320 323 327 345 354 372 444 552 597 642 750 795 840 
317 319 321 322 326 344 353 371 443 551 596 641 749 794 839 
325 326 327 328 315 333 351 360 450 558 603 648 693 801 846 
324 326 329 330 320 340 358 367 457 565 610 655 700 808 853 
324 325 331 332 323 339 357 366 456 564 609 654 699 807 852 
324 328 329 331 322 341 359 368 458 566 611 656 701 809 854 
324 327 330 332 321 338 356 365 455 563 608 653 698 806 851 
325 327 330 331 319 334 352 361 451 559 604 649 694 802 847 
325 328 329 332 317 337 355 364 454 562 607 652 697 805 850 
326 327 329 332 316 336 354 363 453 561 606 651 696 804 849 
326 328 330 331 318 335 353 362 452 560 605 650 695 803 848 
334 335 336 337 324 342 360 369 459 504 612 657 702 810 855 
333 335 338 339 329 349 367 376 466 511 619 664 709 817 862 
333 334 340 341 332 348 366 375 465 510 618 663 708 816 861 
333 337 338 340 331 350 368 377 467 512 620 665 710 818 863 
333 336 339 341 330 347 365 374 464 509 617 662 707 815 860 
334 336 339 340 328 343 361 370 460 505 613 658 703 811 856 
334 337 338 341 326 346 364 373 463 508 616 661 706 814 859 
335 336 338 341 325 345 363 372 462 507 615 660 705 813 858 
335 337 339 340 327 344 362 371 461 506 614 659 704 812 857 
343 344 345 346 315 333 351 369 468 513 621 666 711 756 864 
342 344 347 348 320 338 358 376 475 520 628 673 718 763 871 
342 343 349 350 323 341 357 375 474 519 627 672 717 762 870 
342 346 347 349 322 340 359 377 476 521 629 674 719 764 872 
342 345 348 350 321 339 356 374 473 518 626 671 716 761 869 
343 345 348 349 319 337 352 370 469 514 622 667 712 757 865 
343 346 347 350 317 335 355 373 472 517 625 670 715 760 868 
344 345 347 350 316 334 354 372 471 516 624 669 714 759 867 
344 346 348 349 318 336 353 371 470 515 623 668 713 758 866 
352 353 354 355 315 324 342 360 477 522 567 675 720 765 873 
351 353 356 357 320 329 347 367 484 529 574 682 727 772 880 
351 352 358 359 323 332 350 366 483 528 573 681 726 771 879 
351 355 356 358 322 331 349 368 485 530 575 683 728 773 881 
351 354 357 359 321 330 348 365 482 527 572 680 725 770 878 
352 354 357 358 319 328 346 361 478 523 568 676 721 766 874 
352 355 356 359 317 326 344 364 481 526 571 679 724 769 877 
353 354 356 359 316 325 343 363 480 525 570 678 723 768 876 
353 355 357 358 318 327 345 362 479 524 569 677 722 767 875 
361 362 363 364 324 333 351 369 486 531 576 684 729 774 819 
360 362 365 366 329 338 356 376 493 538 583 691 736 781 826 
360 361 367 368 332 341 359 375 492 537 582 690 735 780 825 
360 364 365 367 331 340 358 377 494 539 584 692 737 782 827 
360 363 366 368 330 339 357 374 491 536 581 689 734 779 824 
361 363 366 367 328 337 355 370 487 532 577 685 730 775 820 
361 364 365 368 326 335 353 373 490 535 580 688 733 778 823 
362 363 365 368 325 334 352 372 489 534 579 687 732 777 822 
362 364 366 367 327 336 354 371 488 533 578 686 731 776 821 
370 371 372 373 315 333 342 360 495 540 585 630 738 783 828 
369 371 374 375 320 338 347 365 502 547 592 637 745 790 835 
369 370 376 377 323 341 350 368 501 546 591 636 744 789 834 
369 373 374 376 322 340 349 367 503 548 593 638 746 791 836 
369 372 375 377 321 339 348 366 500 545 590 635 743 788 833 
370 372 375 376 319 337 346 364 496 541 586 631 739 784 829 
370 373 374 377 317 335 344 362 499 544 589 634 742 787 832 
371 372 374 377 316 334 343 361 498 543 588 633 741 786 831 
371 373 375 376 318 336 345 363 497 542 587 632 740 785 830 
379 380 381 382 387 405 414 432 441 558 612 666 720 774 828 
378 380 383 384 394 412 421 439 448 565 619 673 727 781 835 
378 379 385 386 393 411 420 438 447 564 618 672 726 780 834 
378 382 383 385 395 413 422 440 449 566 620 674 728 782 836 
378 381 384 386 392 410 419 437 446 563 617 671 725 779 833 
379 381 384 385 388 406 415 433 442 559 613 667 721 775 829 
379 382 383 386 391 409 418 436 445 562 616 670 724 778 832 
380 381 383 386 390 408 417 435 444 561 615 669 723 777 831 
380 382 384 385 389 407 416 434 443 560 614 668 722 776 830 
388 389 390 391 378 396 414 423 450 504 621 675 729 783 837 
387 389 392 393 383 403 421 430 457 511 628 682 736 790 844 
387 388 394 395 386 402 420 429 456 510 627 681 735 789 843 
387 391 392 394 385 404 422 431 458 512 629 683 737 791 845 
387 390 393 395 384 401 419 428 455 509 626 680 734 788 842 
388 390 393 394 382 397 415 424 451 505 622 676 730 784 838 
388 391 392 395 380 400 418 427 454 508 625 679 733 787 841 
389 390 392 395 379 399 417 426 453 507 624 678 732 786 840 
389 391 393 394 381 398 416 425 452 506 623 677 731 785 839 
397 398 399 400 387 405 423 432 459 513 567 684 738 792 846 
396 398 401 402 392 412 430 439 466 520 574 691 745 799 853 
396 397 403 404 395 411 429 438 465 519 573 690 744 798 852 
396 400 401 403 394 413 431 440 467 521 575 692 746 800 854 
396 399 402 404 393 410 428 437 464 518 572 689 743 797 851 
397 399 402 403 391 406 424 433 460 514 568 685 739 793 847 
397 400 401 404 389 409 427 436 463 517 571 688 742 796 850 
398 399 401 404 388 408 426 435 462 516 570 687 741 795 849 
398 400 402 403 390 407 425 434 461 515 569 686 740 794 848 
406 407 408 409 378 396 414 432 468 522 576 630 747 801 855 
405 407 410 411 383 401 421 439 475 529 583 637 754 808 862 
405 406 412 413 386 404 420 438 474 528 582 636 753 807 861 
405 409 410 412 385 403 422 440 476 530 584 638 755 809 863 
405 408 411 413 384 402 419 437 473 527 581 635 752 806 860 
406 408 411 412 382 400 415 433 469 523 577 631 748 802 856 
406 409 410 413 380 398 418 436 472 526 580 634 751 805 859 
407 408 410 413 379 397 417 435 471 525 579 633 750 804 858 
407 409 411 412 381 399 416 434 470 524 578 632 749 803 857 
415 416 417 418 378 387 405 423 477 531 585 639 693 810 864 
414 416 419 420 383 392 410 430 484 538 592 646 700 817 871 
414 415 421 422 386 395 413 429 483 537 591 645 699 816 870 
414 418 419 421 385 394 412 431 485 539 593 647 701 818 872 
414 417 420 422 384 393 411 428 482 536 590 644 698 815 869 
415 417 420 421 382 391 409 424 478 532 586 640 694 811 865 
415 418 419 422 380 389 407 427 481 535 589 643 697 814 868 
416 417 419 422 379 388 406 426 480 534 588 642 696 813 867 
416 418 420 421 381 390 408 425 479 533 587 641 695 812 866 
424 425 426 427 387 396 414 432 486 540 594 648 702 756 873 
423 425 428 429 392 401 419 439 493 547 601 655 709 763 880 
423 424 430 431 395 404 422 438 492 546 600 654 708 762 879 
423 427 428 430 394 403 421 440 494 548 602 656 710 764 881 
423 426 429 431 393 402 420 437 491 545 599 653 707 761 878 
424 426 429 430 391 400 418 433 487 541 595 649 703 757 874 
424 427 428 431 389 398 416 436 490 544 598 652 706 760 877 
425 426 428 431 388 397 415 435 489 543 597 651 705 759 876 
425 427 429 430 390 399 417 434 488 542 596 650 704 758 875 
433 434 435 436 378 396 405 423 495 549 603 657 711 765 819 
432 434 437 438 383 401 410 428 502 556 610 664 718 772 826 
432 433 439 440 386 404 413 431 501 555 609 663 717 771 825 
432 436 437 439 385 403 412 430 503 557 611 665 719 773 827 
432 435 438 440 384 402 411 429 500 554 608 662 716 770 824 
433 435 438 439 382 400 409 427 496 550 604 658 712 766 820 
433 436 437 440 380 398 407 425 499 553 607 661 715 769 823 
434 435 437 440 379 397 406 424 498 552 606 660 714 768 822 
434 436 438 439 381 399 408 426 497 551 605 659 713 767 821 
442 443 444 445 0 63 126 189 252 315 378 450 459 486 495 
441 443 446 447 5 68 131 194 257 320 383 457 466 493 502 
441 442 448 449 8 71 134 197 260 323 386 456 465 492 501 
441 445 446 448 7 70 133 196 259 322 385 458 467 494 503 
441 444 447 449 6 69 132 195 258 321 384 455 464 491 500 
442 444 447 448 4 67 130 193 256 319 382 451 460 487 496 
442 445 446 449 2 65 128 191 254 317 380 454 463 490 499 
443 444 446 449 1 64 127 190 253 316 379 453 462 489 498 
443 445 447 448 3 66 129 192 255 318 381 452 461 488 497 
451 452 453 454 9 72 135 198 261 324 387 441 459 468 495 
450 452 455 456 14 77 140 203 266 329 392 446 466 475 502 
450 451 457 458 17 80 143 206 269 332 395 449 465 474 501 
450 454 455 457 16 79 142 205 268 331 394 448 467 476 503 
450 453 456 458 15 78 141 204 267 330 393 447 464 473 500 
451 453 456 457 13 76 139 202 265 328 391 445 460 469 496 
451 454 455 458 11 74 137 200 263 326 389 443 463 472 499 
452 453 455 458 10 73 136 199 262 325 388 442 462 471 498 
452 454 456 457 12 75 138 201 264 327 390 444 461 470 497 
460 461 462 463 18 81 144 207 270 333 396 441 450 468 477 
459 461 464 465 23 86 149 212 275 338 401 446 455 475 484 
459 460 466 467 26 89 152 215 278 341 404 449 458 474 483 
459 463 464 466 25 88 151 214 277 340 403 448 457 476 485 
459 462 465 467 24 87 150 213 276 339 402 447 456 473 482 
460 462 465 466 22 85 148 211 274 337 400 445 454 469 478 
460 463 464 467 20 83 146 209 272 335 398 443 452 472 481 
461 462 464 467 19 82 145 208 271 334 397 442 451 471 480 
461 463 465 466 21 84 147 210 273 336 399 444 453 470 479 
469 470 471 472 27 90 153 216 279 342 405 450 459 477 486 
468 470 473 474 32 95 158 221 284 347 410 455 464 484 493 
468 469 475 476 35 98 161 224 287 350 413 458 467 483 492 
468 472 473 475 34 97 160 223 286 349 412 457 466 485 494 
468 471 474 476 33 96 159 222 285 348 411 456 465 482 491 
469 471 474 475 31 94 157 220 283 346 409 454 463 478 487 
469 472 473 476 29 92 155 218 281 344 407 452 461 481 490 
470 471 473 476 28 91 154 217 280 343 406 451 460 480 489 
470 472 474 475 30 93 156 219 282 345 408 453 462 479 488 
478 479 480 481 36 99 162 225 288 351 414 459 468 486 495 
477 479 482 483 41 104 167 230 293 356 419 464 473 493 502 
477 478 484 485 44 107 170 233 296 359 422 467 476 492 501 
477 481 482 484 43 106 169 232 295 358 421 466 475 494 503 
477 480 483 485 42 105 168 231 294 357 420 465 474 491 500 
478 480 483 484 40 103 166 229 292 355 418 463 472 487 496 
478 481 482 485 38 101 164 227 290 353 416 461 470 490 499 
479 480 482 485 37 100 163 226 289 352 415 460 469 489 498 
479 481 483 484 39 102 165 228 291 354 417 462 471 488 497 
487 488 489 490 45 108 171 234 297 360 423 441 468 477 495 
486 488 491 492 50 113 176 239 302 365 428 446 473 482 502 
486 487 493 494 53 116 179 242 305 368 431 449 476 485 501 
486 490 491 493 52 115 178 241 304 367 430 448 475 484 503 
486 489 492 494 51 114 177 240 303 366 429 447 474 483 500 
487 489 492 493 49 112 175 238 301 364 427 445 472 481 496 
487 490 491 494 47 110 173 236 299 362 425 443 470 479 499 
488 489 491 494 46 109 172 235 298 361 424 442 469 478 498 
488 490 492 493 48 111 174 237 300 363 426 444 471 480 497 
496 497 498 499 54 117 180 243 306 369 432 441 450 477 486 
495 497 500 501 59 122 185 248 311 374 437 446 455 482 491 
495 496 502 503 62 125 188 251 314 377 440 449 458 485 494 
495 499 500 502 61 124 187 250 313 376 439 448 457 484 493 
495 498 501 503 60 123 186 249 312 375 438 447 456 483 492 
496 498 501 502 58 121 184 247 310 373 436 445 454 481 490 
496 499 500 503 56 119 182 245 308 371 434 443 452 479 488 
497 498 500 503 55 118 181 244 307 370 433 442 451 478 487 
497 499 501 502 57 120 183 246 309 372 435 444 453 480 489 
505 506 507 508 0 117 171 225 279 333 387 513 522 549 558 
504 506 509 510 5 122 176 230 284 338 392 520 529 556 565 
504 505 511 512 8 125 179 233 287 341 395 519 528 555 564 
504 508 509 511 7 124 178 232 286 340 394 521 530 557 566 
504 507 510 512 6 123 177 231 285 339 393 518 527 554 563 
505 507 510 511 4 121 175 229 283 337 391 514 523 550 559 
505 508 509 512 2 119 173 227 281 335 389 517 526 553 562 
506 507 509 512 1 118 172 226 280 334 388 516 525 552 561 
506 508 510 511 3 120 174 228 282 336 390 515 524 551 560 
514 515 516 517 9 63 180 234 288 342 396 504 522 531 558 
513 515 518 519 14 68 185 239 293 347 401 509 529 538 565 
513 514 520 521 17 71 188 242 296 350 404 512 528 537 564 
513 517 518 520 16 70 187 241 295 349 403 511 530 539 566 
513 516 519 521 15 69 186 240 294 348 402 510 527 536 563 
514 516 519 520 13 67 184 238 292 346 400 508 523 532 559 
514 517 518 521 11 65 182 236 290 344 398 506 526 535 562 
515 516 518 521 10 64 181 235 289 343 397 505 525 534 561 
515 517 519 520 12 66 183 237 291 345 399 507 524 533 560 
523 524 525 526 18 72 126 243 297 351 405 504 513 531 540 
522 524 527 528 23 77 131 248 302 356 410 509 518 538 547 
522 523 529 530 26 80 134 251 305 359 413 512 521 537 546 
522 526 527 529 25 79 133 250 304 358 412 511 520 539 548 
522 525 528 530 24 78 132 249 303 357 411 510 519 536 545 
523 525 528 529 22 76 130 247 301 355 409 508 517 532 541 
523 526 527 530 20 74 128 245 299 353 407 506 515 535 544 
524 525 527 530 19 73 127 244 298 352 406 505 514 534 543 
524 526 528 529 21 75 129 246 300 354 408 507 516 533 542 
532 533 534 535 27 81 135 189 306 360 414 513 522 540 549 
531 533 536 537 32 86 140 194 311 365 419 518 527 547 556 
531 532 538 539 35 89 143 197 314 368 422 521 530 546 555 
531 535 536 538 34 88 142 196 313 367 421 520 529 548 557 
531 534 537 539 33 87 141 195 312 366 420 519 528 545 554 
532 534 537 538 31 85 139 193 310 364 418 517 526 541 550 
532 535 536 539 29 83 137 191 308 362 416 515 524 544 553 
533 534 536 539 28 82 136 190 307 361 415 514 523 543 552 
533 535 537 538 30 84 138 192 309 363 417 516 525 542 551 
541 542 543 544 36 90 144 198 252 369 423 522 531 549 558 
540 542 545 546 41 95 149 203 257 374 428 527 536 556 565 
540 541 547 548 44 98 152 206 260 377 431 530 539 555 564 
540 544 545 547 43 97 151 205 259 376 430 529 538 557 566 
540 543 546 548 42 96 150 204 258 375 429 528 537 554 563 
541 543 546 547 40 94 148 202 256 373 427 526 535 550 559 
541 544 545 548 38 92 146 200 254 371 425 524 533 553 562 
542 543 545 548 37 91 145 199 253 370 424 523 532 552 561 
542 544 546 547 39 93 147 201 255 372 426 525 534 551 560 
550 551 552 553 45 99 153 207 261 315 432 504 531 540 558 
549 551 554 555 50 104 158 212 266 320 437 509 536 545 565 
549 550 556 557 53 107 161 215 269 323 440 512 539 548 564 
549 553 554 556 52 106 160 214 268 322 439 511 538 547 566 
549 552 555 557 51 105 159 213 267 321 438 510 537 546 563 
550 552 555 556 49 103 157 211 265 319 436 508 535 544 559 
550 553 554 557 47 101 155 209 263 317 434 506 533 542 562 
551 552 554 557 46 100 154 208 262 316 433 505 532 541 561 
551 553 555 556 48 102 156 210 264 318 435 507 534 543 560 
559 560 561 562 54 108 162 216 270 324 378 504 513 540 549 
558 560 563 564 59 113 167 221 275 329 383 509 518 545 554 
558 559 565 566 62 116 170 224 278 332 386 512 521 548 557 
558 562 563 565 61 115 169 223 277 331 385 511 520 547 556 
558 561 564 566 60 114 168 222 276 330 384 510 519 546 555 
559 561 564 565 58 112 166 220 274 328 382 508 517 544 553 
559 562 563 566 56 110 164 218 272 326 380 506 515 542 551 
560 561 563 566 55 109 163 217 271 325 379 505 514 541 550 
560 562 564 565 57 111 165 219 273 327 381 507 516 543 552 
568 569 570 571 0 108 153 198 306 351 396 576 585 612 621 
567 569 572 573 5 113 158 203 311 356 401 583 592 619 628 
567 568 574 575 8 116 161 206 314 359 404 582 591 618 627 
567 571 572 574 7 115 160 205 313 358 403 584 593 620 629 
567 570 573 575 6 114 159 204 312 357 402 581 590 617 626 
568 570 573 574 4 112 157 202 310 355 400 577 586 613 622 
568 571 572 575 2 110 155 200 308 353 398 580 589 616 625 
569 570 572 575 1 109 154 199 307 352 397 579 588 615 624 
569 571 573 574 3 111 156 201 309 354 399 578 587 614 623 
577 578 579 580 9 117 162 207 252 360 405 567 585 594 621 
576 578 581 582 14 122 167 212 257 365 410 572 592 601 628 
576 577 583 584 17 125 170 215 260 368 413 575 591 600 627 
576 580 581 583 16 124 169 214 259 367 412 574 593 602 629 
576 579 582 584 15 123 168 213 258 366 411 573 590 599 626 
577 579 582 583 13 121 166 211 256 364 409 571 586 595 622 
577 580 581 584 11 119 164 209 254 362 407 569 589 598 625 
578 579 581 584 10 118 163 208 253 361 406 568 588 597 624 
578 580 582 583 12 120 165 210 255 363 408 570 587 596 623 
586 587 588 589 18 63 171 216 261 369 414 567 576 594 603 
585 587 590 591 23 68 176 221 266 374 419 572 581 601 610 
585 586 592 593 26 71 179 224 269 377 422 575 584 600 609 
585 589 590 592 25 70 178 223 268 376 421 574 583 602 611 
585 588 591 593 24 69 177 222 267 375 420 573 582 599 608 
586 588 591 592 22 67 175 220 265 373 418 571 580 595 604 
586 589 590 593 20 65 173 218 263 371 416 569 578 598 607 
587 588 590 593 19 64 172 217 262 370 415 568 577 597 606 
587 589 591 592 21 66 174 219 264 372 417 570 579 596 605 
595 596 597 598 27 72 180 225 270 315 423 576 585 603 612 
594 596 599 600 32 77 185 230 275 320 428 581 590 610 619 
594 595 601 602 35 80 188 233 278 323 431 584 593 609 618 
594 598 599 601 34 79 187 232 277 322 430 583 592 611 620 
594 597 600 602 33 78 186 231 276 321 429 582 591 608 617 
595 597 600 601 31 76 184 229 274 319 427 580 589 604 613 
595 598 599 602 29 74 182 227 272 317 425 578 587 607 616 
596 597 599 602 28 73 181 226 271 316 424 577 586 606 615 
596 598 600 601 30 75 183 228 273 318 426 579 588 605 614 
604 605 606 607 36 81 126 234 279 324 432 585 594 612 621 
603 605 608 609 41 86 131 239 284 329 437 590 599 619 628 
603 604 610 611 44 89 134 242 287 332 440 593 602 618 627 
603 607 608 610 43 88 133 241 286 331 439 592 601 620 629 
603 606 609 611 42 87 132 240 285 330 438 591 600 617 626 
604 606 609 610 40 85 130 238 283 328 436 589 598 613 622 
604 607 608 611 38 83 128 236 281 326 434 587 596 616 625 
605 606 608 611 37 82 127 235 280 325 433 586 595 615 624 
605 607 609 610 39 84 129 237 282 327 435 588 597 614 623 
613 614 615 616 45 90 135 243 288 333 378 567 594 603 621 
612 614 617 618 50 95 140 248 293 338 383 572 599 608 628 
612 613 619 620 53 98 143 251 296 341 386 575 602 611 627 
612 616 617 619 52 97 142 250 295 340 385 574 601 610 629 
612 615 618 620 51 96 141 249 294 339 384 573 600 609 626 
613 615 618 619 49 94 139 247 292 337 382 571 598 607 622 
613 616 617 620 47 92 137 245 290 335 380 569 596 605 625 
614 615 617 620 46 91 136 244 289 334 379 568 595 604 624 
614 616 618 619 48 93 138 246 291 336 381 570 597 606 623 
622 623 624 625 54 99 144 189 297 342 387 567 576 603 612 
621 623 626 627 59 104 149 194 302 347 392 572 581 608 617 
621 622 628 629 62 107 152 197 305 350 395 575 584 611 620 
621 625 626 628 61 106 151 196 304 349 394 574 583 610 619 
621 624 627 629 60 105 150 195 303 348 393 573 582 609 618 
622 624 627 628 58 103 148 193 301 346 391 571 580 607 616 
622 625 626 629 56 101 146 191 299 344 389 569 578 605 614 
623 624 626 629 55 100 145 190 298 343 388 568 577 604 613 
623 625 627 628 57 102 147 192 300 345 390 570 579 606 615 
631 632 633 634 0 99 135 234 270 369 405 639 648 675 684 
630 632 635 636 5 104 140 239 275 374 410 646 655 682 691 
630 631 637 638 8 107 143 242 278 377 413 645 654 681 690 
630 634 635 637 7 106 142 241 277 376 412 647 656 683 692 
630 633 636 638 6 105 141 240 276 375 411 644 653 680 689 
631 633 636 637 4 103 139 238 274 373 409 640 649 676 685 
631 634 635 638 2 101 137 236 272 371 407 643 652 679 688 
632 633 635 638 1 100 136 235 271 370 406 642 651 678 687 
632 634 636 637 3 102 138 237 273 372 408 641 650 677 686 
640 641 642 643 9 108 144 243 279 315 414 630 648 657 684 
639 641 644 645 14 113 149 248 284 320 419 635 655 664 691 
639 640 646 647 17 116 152 251 287 323 422 638 654 663 690 
639 643 644 646 16 115 151 250 286 322 421 637 656 665 692 
639 642 645 647 15 114 150 249 285 321 420 636 653 662 689 
640 642 645 646 13 112 148 247 283 319 418 634 649 658 685 
640 643 644 647 11 110 146 245 281 317 416 632 652 661 688 
641 642 644 647 10 109 145 244 280 316 415 631 651 660 687 
641 643 645 646 12 111 147 246 282 318 417 633 650 659 686 
649 650 651 652 18 117 153 189 288 324 423 630 639 657 666 
648 650 653 654 23 122 158 194 293 329 428 635 644 664 673 
648 649 655 656 26 125 161 197 296 332 431 638 647 663 672 
648 652 653 655 25 124 160 196 295 331 430 637 646 665 674 
648 651 654 656 24 123 159 195 294 330 429 636 645 662 671 
649 651 654 655 22 121 157 193 292 328 427 634 643 658 667 
649 652 653 656 20 119 155 191 290 326 425 632 641 661 670 
650 651 653 656 19 118 154 190 289 325 424 631 640 660 669 
650 652 654 655 21 120 156 192 291 327 426 633 642 659 668 
658 659 660 661 27 63 162 198 297 333 432 639 648 666 675 
657 659 662 663 32 68 167 203 302 338 437 644 653 673 682 
657 658 664 665 35 71 170 206 305 341 440 647 656 672 681 
657 661 662 664 34 70 169 205 304 340 439 646 655 674 683 
657 660 663 665 33 69 168 204 303 339 438 645 654 671 680 
658 660 663 664 31 67 166 202 301 337 436 643 652 667 676 
658 661 662 665 29 65 164 200 299 335 434 641 650 670 679 
659 660 662 665 28 64 163 199 298 334 433 640 649 669 678 
659 661 663 664 30 66 165 201 300 336 435 642 651 668 677 
667 668 669 670 36 72 171 207 306 342 378 648 657 675 684 
666 668 671 672 41 77 176 212 311 347 383 653 662 682 691 
666 667 673 674 44 80 179 215 314 350 386 656 665 681 690 
666 670 671 673 43 79 178 214 313 349 385 655 664 683 692 
666 669 672 674 42 78 177 213 312 348 384 654 663 680 689 
667 669 672 673 40 76 175 211 310 346 382 652 661 676 685 
667 670 671 674 38 74 173 209 308 344 380 650 659 679 688 
668 669 671 674 37 73 172 208 307 343 379 649 658 678 687 
668 670 672 673 39 75 174 210 309 345 381 651 660 677 686 
676 677 678 679 45 81 180 216 252 351 387 630 657 666 684 
675 677 680 681 50 86 185 221 257 356 392 635 662 671 691 
675 676 682 683 53 89 188 224 260 359 395 638 665 674 690 
675 679 680 682 52 88 187 223 259 358 394 637 664 673 692 
675 678 681 683 51 87 186 222 258 357 393 636 663 672 689 
676 678 681 682 49 85 184 220 256 355 391 634 661 670 685 
676 679 680 683 47 83 182 218 254 353 389 632 659 668 688 
677 678 680 683 46 82 181 217 253 352 388 631 658 667 687 
677 679 681 682 48 84 183 219 255 354 390 633 660 669 686 
685 686 687 688 54 90 126 225 261 360 396 630 639 666 675 
684 686 689 690 59 95 131 230 266 365 401 635 644 671 680 
684 685 691 692 62 98 134 233 269 368 404 638 647 674 683 
684 688 689 691 61 97 133 232 268 367 403 637 646 673 682 
684 687 690 692 60 96 132 231 267 366 402 636 645 672 681 
685 687 690 691 58 94 130 229 265 364 400 634 643 670 679 
685 688 689 692 56 92 128 227 263 362 398 632 641 668 677 
686 687 689 692 55 91 127 226 262 361 397 631 640 667 676 
686 688 690 691 57 93 129 228 264 363 399 633 642 669 678 
694 695 696 697 0 90 180 207 297 324 414 702 711 738 747 
693 695 698 699 5 95 185 212 302 329 419 709 718 745 754 
693 694 700 701 8 98 188 215 305 332 422 708 717 744 753 
693 697 698 700 7 97 187 214 304 331 421 710 719 746 755 
693 696 699 701 6 96 186 213 303 330 420 707 716 743 752 
694 696 699 700 4 94 184 211 301 328 418 703 712 739 748 
694 697 698 701 2 92 182 209 299 326 416 706 715 742 751 
695 696 698 701 1 91 181 208 298 325 415 705 714 741 750 
695 697 699 700 3 93 183 210 300 327 417 704 713 740 749 
703 704 705 706 9 99 126 216 306 333 423 693 711 720 747 
702 704 707 708 14 104 131 221 311 338 428 698 718 727 754 
702 703 709 710 17 107 134 224 314 341 431 701 717 726 753 
702 706 707 709 16 106 133 223 313 340 430 700 719 728 755 
702 705 708 710 15 105 132 222 312 339 429 699 716 725 752 
703 705 708 709 13 103 130 220 310 337 427 697 712 721 748 
703 706 707 710 11 101 128 218 308 335 425 695 715 724 751 
704 705 707 710 10 100 127 217 307 334 424 694 714 723 750 
704 706 708 709 12 102 129 219 309 336 426 696 713 722 749 
712 713 714 715 18 108 135 225 252 342 432 693 702 720 729 
711 713 716 717 23 113 140 230 257 347 437 698 707 727 736 
711 712 718 719 26 116 143 233 260 350 440 701 710 726 735 
711 715 716 718 25 115 142 232 259 349 439 700 709 728 737 
711 714 717 719 24 114 141 231 258 348 438 699 708 725 734 
712 714 717 718 22 112 139 229 256 346 436 697 706 721 730 
712 715 716 719 20 110 137 227 254 344 434 695 704 724 733 
713 714 716 719 19 109 136 226 253 343 433 694 703 723 732 
713 715 717 718 21 111 138 228 255 345 435 696 705 722 731 
721 722 723 724 27 117 144 234 261 351 378 702 711 729 738 
720 722 725 726 32 122 149 239 266 356 383 707 716 736 745 
720 721 727 728 35 125 152 242 269 359 386 710 719 735 744 
720 724 725 727 34 124 151 241 268 358 385 709 718 737 746 
720 723 726 728 33 123 150 240 267 357 384 708 717 734 743 
721 723 726 727 31 121 148 238 265 355 382 706 715 730 739 
721 724 725 728 29 119 146 236 263 353 380 704 713 733 742 
722 723 725 728 28 118 145 235 262 352 379 703 712 732 741 
722 724 726 727 30 120 147 237 264 354 381 705 714 731 740 
730 731 732 733 36 63 153 243 270 360 387 711 720 738 747 
729 731 734 735 41 68 158 248 275 365 392 716 725 745 754 
729 730 736 737 44 71 161 251 278 368 395 719 728 744 753 
729 733 734 736 43 70 160 250 277 367 394 718 727 746 755 
729 732 735 737 42 69 159 249 276 366 393 717 726 743 752 
730 732 735 736 40 67 157 247 274 364 391 715 724 739 748 
730 733 734 737 38 65 155 245 272 362 389 713 722 742 751 
731 732 734 737 37 64 154 244 271 361 388 712 721 741 750 
731 733 735 736 39 66 156 246 273 363 390 714 723 740 749 
739 740 741 742 45 72 162 189 279 369 396 693 720 729 747 
738 740 743 744 50 77 167 194 284 374 401 698 725 734 754 
738 739 745 746 53 80 170 197 287 377 404 701 728 737 753 
738 742 743 745 52 79 169 196 286 376 403 700 727 736 755 
738 741 744 746 51 78 168 195 285 375 402 699 726 735 752 
739 741 744 745 49 76 166 193 283 373 400 697 724 733 748 
739 742 743 746 47 74 164 191 281 371 398 695 722 731 751 
740 741 743 746 46 73 163 190 280 370 397 694 721 730 750 
740 742 744 745 48 75 165 192 282 372 399 696 723 732 749 
748 749 750 751 54 81 171 198 288 315 405 693 702 729 738 
747 749 752 753 59 86 176 203 293 320 410 698 707 734 743 
747 748 754 755 62 89 179 206 296 323 413 701 710 737 746 
747 751 752 754 61 88 178 205 295 322 412 700 709 736 745 
747 750 753 755 60 87 177 204 294 321 411 699 708 735 744 
748 750 753 754 58 85 175 202 292 319 409 697 706 733 742 
748 751 752 755 56 83 173 200 290 317 407 695 704 731 740 
749 750 752 755 55 82 172 199 289 316 406 694 703 730 739 
749 751 753 754 57 84 174 201 291 318 408 696 705 732 741 
757 758 759 760 0 81 162 243 261 342 423 765 774 801 810 
756 758 761 762 5 86 167 248 266 347 428 772 781 808 817 
756 757 763 764 8 89 170 251 269 350 431 771 780 807 816 
756 760 761 763 7 88 169 250 268 349 430 773 782 809 818 
756 759 762 764 6 87 168 249 267 348 429 770 779 806 815 
757 759 762 763 4 85 166 247 265 346 427 766 775 802 811 
757 760 761 764 2 83 164 245 263 344 425 769 778 805 814 
758 759 761 764 1 82 163 244 262 343 424 768 777 804 813 
758 760 762 763 3 84 165 246 264 345 426 767 776 803 812 
766 767 768 769 9 90 171 189 270 351 432 756 774 783 810 
765 767 770 771 14 95 176 194 275 356 437 761 781 790 817 
765 766 772 773 17 98 179 197 278 359 440 764 780 789 816 
765 769 770 772 16 97 178 196 277 358 439 763 782 791 818 
765 768 771 773 15 96 177 195 276 357 438 762 779 788 815 
766 768 771 772 13 94 175 193 274 355 436 760 775 784 811 
766 769 770 773 11 92 173 191 272 353 434 758 778 787 814 
767 768 770 773 10 91 172 190 271 352 433 757 777 786 813 
767 769 771 772 12 93 174 192 273 354 435 759 776 785 812 
775 776 777 778 18 99 180 198 279 360 378 756 765 783 792 
774 776 779 780 23 104 185 203 284 365 383 761 770 790 799 
774 775 781 782 26 107 188 206 287 368 386 764 773 789 798 
774 778 779 781 25 106 187 205 286 367 385 763 772 791 800 
774 777 780 782 24 105 186 204 285 366 384 762 771 788 797 
775 777 780 781 22 103 184 202 283 364 382 760 769 784 793 
775 778 779 782 20 101 182 200 281 362 380 758 767 787 796 
776 777 779 782 19 100 181 199 280 361 379 757 766 786 795 
776 778 780 781 21 102 183 201 282 363 381 759 768 785 794 
784 785 786 787 27 108 126 207 288 369 387 765 774 792 801 
783 785 788 789 32 113 131 212 293 374 392 770 779 799 808 
783 784 790 791 35 116 134 215 296 377 395 773 782 798 807 
783 787 788 790 34 115 133 214 295 376 394 772 781 800 809 
783 786 789 791 33 114 132 213 294 375 393 771 780 797 806 
784 786 789 790 31 112 130 211 292 373 391 769 778 793 802 
784 787 788 791 29 110 128 209 290 371 389 767 776 796 805 
785 786 788 791 28 109 127 208 289 370 388 766 775 795 804 
785 787 789 790 30 111 129 210 291 372 390 768 777 794 803 
793 794 795 796 36 117 135 216 297 315 396 774 783 801 810 
792 794 797 798 41 122 140 221 302 320 401 779 788 808 817 
792 793 799 800 44 125 143 224 305 323 404 782 791 807 816 
792 796 797 799 43 124 142 223 304 322 403 781 790 809 818 
792 795 798 800 42 123 141 222 303 321 402 780 789 806 815 
793 795 798 799 40 121 139 220 301 319 400 778 787 802 811 
793 796 797 800 38 119 137 218 299 317 398 776 785 805 814 
794 795 797 800 37 118 136 217 298 316 397 775 784 804 813 
794 796 798 799 39 120 138 219 300 318 399 777 786 803 812 
802 803 804 805 45 63 144 225 306 324 405 756 783 792 810 
801 803 806 807 50 68 149 230 311 329 410 761 788 797 817 
801 802 808 809 53 71 152 233 314 332 413 764 791 800 816 
801 805 806 808 52 70 151 232 313 331 412 763 790 799 818 
801 804 807 809 51 69 150 231 312 330 411 762 789 798 815 
802 804 807 808 49 67 148 229 310 328 409 760 787 796 811 
802 805 806 809 47 65 146 227 308 326 407 758 785 794 814 
803 804 806 809 46 64 145 226 307 325 406 757 784 793 813 
803 805 807 808 48 66 147 228 309 327 408 759 786 795 812 
811 812 813 814 54 72 153 234 252 333 414 756 765 792 801 
810 812 815 816 59 77 158 239 257 338 419 761 770 797 806 
810 811 817 818 62 80 161 242 260 341 422 764 773 800 809 
810 814 815 817 61 79 160 241 259 340 421 763 772 799 808 
810 813 816 818 60 78 159 240 258 339 420 762 771 798 807 
811 813 816 817 58 76 157 238 256 337 418 760 769 796 805 
811 814 815 818 56 74 155 236 254 335 416 758 767 794 803 
812 813 815 818 55 73 154 235 253 334 415 757 766 793 802 
812 814 816 817 57 75 156 237 255 336 417 759 768 795 804 
820 821 822 823 0 72 144 216 288 360 432 828 837 864 873 
819 821 824 825 5 77 149 221 293 365 437 835 844 871 880 
819 820 826 827 8 80 152 224 296 368 440 834 843 870 879 
819 823 824 826 7 79 151 223 295 367 439 836 845 872 881 
819 822 825 827 6 78 150 222 294 366 438 833 842 869 878 
820 822 825 826 4 76 148 220 292 364 436 829 838 865 874 
820 823 824 827 2 74 146 218 290 362 434 832 841 868 877 
821 822 824 827 1 73 145 217 289 361 433 831 840 867 876 
821 823 825 826 3 75 147 219 291 363 435 830 839 866 875 
829 830 831 832 9 81 153 225 297 369 378 819 837 846 873 
828 830 833 834 14 86 158 230 302 374 383 824 844 853 880 
828 829 835 836 17 89 161 233 305 377 386 827 843 852 879 
828 832 833 835 16 88 160 232 304 376 385 826 845 854 881 
828 831 834 836 15 87 159 231 303 375 384 825 842 851 878 
829 831 834 835 13 85 157 229 301 373 382 823 838 847 874 
829 832 833 836 11 83 155 227 299 371 380 821 841 850 877 
830 831 833 836 10 82 154 226 298 370 379 820 840 849 876 
830 832 834 835 12 84 156 228 300 372 381 822 839 848 875 
838 839 840 841 18 90 162 234 306 315 387 819 828 846 855 
837 839 842 843 23 95 167 239 311 320 392 824 833 853 862 
837 838 844 845 26 98 170 242 314 323 395 827 836 852 861 
837 841 842 844 25 97 169 241 313 322 394 826 835 854 863 
837 840 843 845 24 96 168 240 312 321 393 825 834 851 860 
838 840 843 844 22 94 166 238 310 319 391 823 832 847 856 
838 841 842 845 20 92 164 236 308 317 389 821 830 850 859 
839 840 842 845 19 91 163 235 307 316 388 820 829 849 858 
839 841 843 844 21 93 165 237 309 318 390 822 831 848 857 
847 848 849 850 27 99 171 243 252 324 396 828 837 855 864 
846 848 851 852 32 104 176 248 257 329 401 833 842 862 871 
846 847 853 854 35 107 179 251 260 332 404 836 845 861 870 
846 850 851 853 34 106 178 250 259 331 403 835 844 863 872 
846 849 852 854 33 105 177 249 258 330 402 834 843 860 869 
847 849 852 853 31 103 175 247 256 328 400 832 841 856 865 
847 850 851 854 29 101 173 245 254 326 398 830 839 859 868 
848 849 851 854 28 100 172 244 253 325 397 829 838 858 867 
848 850 852 853 30 102 174 246 255 327 399 831 840 857 866 
856 857 858 859 36 108 180 189 261 333 405 837 846 864 873 
855 857 860 861 41 113 185 194 266 338 410 842 851 871 880 
855 856 862 863 44 116 188 197 269 341 413 845 854 870 879 
855 859 860 862 43 115 187 196 268 340 412 844 853 872 881 
855 858 861 863 42 114 186 195 267 339 411 843 852 869 878 
856 858 861 862 40 112 184 193 265 337 409 841 850 865 874 
856 859 860 863 38 110 182 191 263 335 407 839 848 868 877 
857 858 860 863 37 109 181 190 262 334 406 838 847 867 876 
857 859 861 862 39 111 183 192 264 336 408 840 849 866 875 
865 866 867 868 45 117 126 198 270 342 414 819 846 855 873 
864 866 869 870 50 122 131 203 275 347 419 824 851 860 880 
864 865 871 872 53 125 134 206 278 350 422 827 854 863 879 
864 868 869 871 52 124 133 205 277 349 421 826 853 862 881 
864 867 870 872 51 123 132 204 276 348 420 825 852 861 878 
865 867 870 871 49 121 130 202 274 346 418 823 850 859 874 
865 868 869 872 47 119 128 200 272 344 416 821 848 857 877 
866 867 869 872 46 118 127 199 271 343 415 820 847 856 876 
866 868 870 871 48 120 129 201 273 345 417 822 849 858 875 
874 875 876 877 54 63 135 207 279 351 423 819 828 855 864 
873 875 878 879 59 68 140 212 284 356 428 824 833 860 869 
873 874 880 881 62 71 143 215 287 359 431 827 836 863 872 
873 877 878 880 61 70 142 214 286 358 430 826 835 862 871 
873 876 879 881 60 69 141 213 285 357 429 825 834 861 870 
874 876 879 880 58 67 139 211 283 355 427 823 832 859 868 
874 877 878 881 56 65 137 209 281 353 425 821 830 857 866 
875 876 878 881 55 64 136 208 280 352 424 820 829 856 865 
875 877 879 880 57 66 138 210 282 354 426 822 831 858 867 
