876 7446
1 2 3 4 5 6 7 8 9 10 11 12 24 36 48 60 72 
0 2 3 4 5 6 7 8 9 10 11 84 96 108 120 132 144 
0 1 3 4 5 6 7 8 9 10 11 156 168 180 192 204 216 
0 1 2 4 5 6 7 8 9 10 11 228 240 252 264 276 288 
0 1 2 3 5 6 7 8 9 10 11 300 312 324 336 348 360 
0 1 2 3 4 6 7 8 9 10 11 372 384 396 408 420 432 
0 1 2 3 4 5 7 8 9 10 11 444 456 468 480 492 504 
0 1 2 3 4 5 6 8 9 10 11 516 528 540 552 564 576 
0 1 2 3 4 5 6 7 9 10 11 588 600 612 624 636 648 
0 1 2 3 4 5 6 7 8 10 11 660 672 684 696 708 720 
0 1 2 3 4 5 6 7 8 9 11 732 744 756 768 780 792 
0 1 2 3 4 5 6 7 8 9 10 804 816 828 840 852 864 
13 14 15 16 17 18 19 20 21 22 23 0 24 36 48 60 72 
12 14 15 16 17 18 19 20 21 22 23 84 96 108 120 132 144 
12 13 15 16 17 18 19 20 21 22 23 156 168 180 192 204 216 
12 13 14 16 17 18 19 20 21 22 23 228 240 252 264 276 288 
12 13 14 15 17 18 19 20 21 22 23 300 312 324 336 348 360 
12 13 14 15 16 18 19 20 21 22 23 372 384 396 408 420 432 
12 13 14 15 16 17 19 20 21 22 23 444 456 468 480 492 504 
12 13 14 15 16 17 18 20 21 22 23 516 528 540 552 564 576 
12 13 14 15 16 17 18 19 21 22 23 588 600 612 624 636 648 
12 13 14 15 16 17 18 19 20 22 23 660 672 684 696 708 720 
12 13 14 15 16 17 18 19 20 21 23 732 744 756 768 780 792 
12 13 14 15 16 17 18 19 20 21 22 804 816 828 840 852 864 
25 26 27 28 29 30 31 32 33 34 35 0 12 36 48 60 72 
24 26 27 28 29 30 31 32 33 34 35 84 96 108 120 132 144 
24 25 27 28 29 30 31 32 33 34 35 156 168 180 192 204 216 
24 25 26 28 29 30 31 32 33 34 35 228 240 252 264 276 288 
24 25 26 27 29 30 31 32 33 34 35 300 312 324 336 348 360 
24 25 26 27 28 30 31 32 33 34 35 372 384 396 408 420 432 
24 25 26 27 28 29 31 32 33 34 35 444 456 468 480 492 504 
24 25 26 27 28 29 30 32 33 34 35 516 528 540 552 564 576 
24 25 26 27 28 29 30 31 33 34 35 588 600 612 624 636 648 
24 25 26 27 28 29 30 31 32 34 35 660 672 684 696 708 720 
24 25 26 27 28 29 30 31 32 33 35 732 744 756 768 780 792 
24 25 26 27 28 29 30 31 32 33 34 804 816 828 840 852 864 
37 38 39 40 41 42 43 44 45 46 47 0 12 24 48 60 72 
36 38 39 40 41 42 43 44 45 46 47 84 96 108 120 132 144 
36 37 39 40 41 42 43 44 45 46 47 156 168 180 192 204 216 
36 37 38 40 41 42 43 44 45 46 47 228 240 252 264 276 288 
36 37 38 39 41 42 43 44 45 46 47 300 312 324 336 348 360 
36 37 38 39 40 42 43 44 45 46 47 372 384 396 408 420 432 
36 37 38 39 40 41 43 44 45 46 47 444 456 468 480 492 504 
36 37 38 39 40 41 42 44 45 46 47 516 528 540 552 564 576 
36 37 38 39 40 41 42 43 45 46 47 588 600 612 624 636 648 
36 37 38 39 40 41 42 43 44 46 47 660 672 684 696 708 720 
36 37 38 39 40 41 42 43 44 45 47 732 744 756 768 780 792 
36 37 38 39 40 41 42 43 44 45 46 804 816 828 840 852 864 
49 50 51 52 53 54 55 56 57 58 59 0 12 24 36 60 72 
48 50 51 52 53 54 55 56 57 58 59 84 96 108 120 132 144 
48 49 51 52 53 54 55 56 57 58 59 156 168 180 192 204 216 
48 49 50 52 53 54 55 56 57 58 59 228 240 252 264 276 288 
48 49 50 51 53 54 55 56 57 58 59 300 312 324 336 348 360 
48 49 50 51 52 54 55 56 57 58 59 372 384 396 408 420 432 
48 49 50 51 52 53 55 56 57 58 59 444 456 468 480 492 504 
48 49 50 51 52 53 54 56 57 58 59 516 528 540 552 564 576 
48 49 50 51 52 53 54 55 57 58 59 588 600 612 624 636 648 
48 49 50 51 52 53 54 55 56 58 59 660 672 684 696 708 720 
48 49 50 51 52 53 54 55 56 57 59 732 744 756 768 780 792 
48 49 50 51 52 53 54 55 56 57 58 804 816 828 840 852 864 
61 62 63 64 65 66 67 68 69 70 71 0 12 24 36 48 72 
60 62 63 64 65 66 67 68 69 70 71 84 96 108 120 132 144 
60 61 63 64 65 66 67 68 69 70 71 156 168 180 192 204 216 
60 61 62 64 65 66 67 68 69 70 71 228 240 252 264 276 288 
60 61 62 63 65 66 67 68 69 70 71 300 312 324 336 348 360 
60 61 62 63 64 66 67 68 69 70 71 372 384 396 408 420 432 
60 61 62 63 64 65 67 68 69 70 71 444 456 468 480 492 504 
60 61 62 63 64 65 66 68 69 70 71 516 528 540 552 564 576 
60 61 62 63 64 65 66 67 69 70 71 588 600 612 624 636 648 
60 61 62 63 64 65 66 67 68 70 71 660 672 684 696 708 720 
60 61 62 63 64 65 66 67 68 69 71 732 744 756 768 780 792 
60 61 62 63 64 65 66 67 68 69 70 804 816 828 840 852 864 
73 74 75 76 77 78 79 80 81 82 83 0 12 24 36 48 60 
72 74 75 76 77 78 79 80 81 82 83 85 97 109 121 133 145 
72 73 75 76 77 78 79 80 81 82 83 157 169 181 193 205 217 
72 73 74 76 77 78 79 80 81 82 83 229 241 253 265 277 289 
72 73 74 75 77 78 79 80 81 82 83 301 313 325 337 349 361 
72 73 74 75 76 78 79 80 81 82 83 373 385 397 409 421 433 
72 73 74 75 76 77 79 80 81 82 83 445 457 469 481 493 505 
72 73 74 75 76 77 78 80 81 82 83 517 529 541 553 565 577 
72 73 74 75 76 77 78 79 81 82 83 589 601 613 625 637 649 
72 73 74 75 76 77 78 79 80 82 83 661 673 685 697 709 721 
72 73 74 75 76 77 78 79 80 81 83 733 745 757 769 781 793 
72 73 74 75 76 77 78 79 80 81 82 805 817 829 841 853 865 
85 86 87 88 89 90 91 92 93 94 95 1 13 25 37 49 61 
84 86 87 88 89 90 91 92 93 94 95 73 97 109 121 133 145 
84 85 87 88 89 90 91 92 93 94 95 157 169 181 193 205 217 
84 85 86 88 89 90 91 92 93 94 95 229 241 253 265 277 289 
84 85 86 87 89 90 91 92 93 94 95 301 313 325 337 349 361 
84 85 86 87 88 90 91 92 93 94 95 373 385 397 409 421 433 
84 85 86 87 88 89 91 92 93 94 95 445 457 469 481 493 505 
84 85 86 87 88 89 90 92 93 94 95 517 529 541 553 565 577 
84 85 86 87 88 89 90 91 93 94 95 589 601 613 625 637 649 
84 85 86 87 88 89 90 91 92 94 95 661 673 685 697 709 721 
84 85 86 87 88 89 90 91 92 93 95 733 745 757 769 781 793 
84 85 86 87 88 89 90 91 92 93 94 805 817 829 841 853 865 
97 98 99 100 101 102 103 104 105 106 107 1 13 25 37 49 61 
96 98 99 100 101 102 103 104 105 106 107 73 85 109 121 133 145 
96 97 99 100 101 102 103 104 105 106 107 157 169 181 193 205 217 
96 97 98 100 101 102 103 104 105 106 107 229 241 253 265 277 289 
96 97 98 99 101 102 103 104 105 106 107 301 313 325 337 349 361 
96 97 98 99 100 102 103 104 105 106 107 373 385 397 409 421 433 
96 97 98 99 100 101 103 104 105 106 107 445 457 469 481 493 505 
96 97 98 99 100 101 102 104 105 106 107 517 529 541 553 565 577 
96 97 98 99 100 101 102 103 105 106 107 589 601 613 625 637 649 
96 97 98 99 100 101 102 103 104 106 107 661 673 685 697 709 721 
96 97 98 99 100 101 102 103 104 105 107 733 745 757 769 781 793 
96 97 98 99 100 101 102 103 104 105 106 805 817 829 841 853 865 
109 110 111 112 113 114 115 116 117 118 119 1 13 25 37 49 61 
108 110 111 112 113 114 115 116 117 118 119 73 85 97 121 133 145 
108 109 111 112 113 114 115 116 117 118 119 157 169 181 193 205 217 
108 109 110 112 113 114 115 116 117 118 119 229 241 253 265 277 289 
108 109 110 111 113 114 115 116 117 118 119 301 313 325 337 349 361 
108 109 110 111 112 114 115 116 117 118 119 373 385 397 409 421 433 
108 109 110 111 112 113 115 116 117 118 119 445 457 469 481 493 505 
108 109 110 111 112 113 114 116 117 118 119 517 529 541 553 565 577 
108 109 110 111 112 113 114 115 117 118 119 589 601 613 625 637 649 
108 109 110 111 112 113 114 115 116 118 119 661 673 685 697 709 721 
108 109 110 111 112 113 114 115 116 117 119 733 745 757 769 781 793 
108 109 110 111 112 113 114 115 116 117 118 805 817 829 841 853 865 
121 122 123 124 125 126 127 128 129 130 131 1 13 25 37 49 61 
120 122 123 124 125 126 127 128 129 130 131 73 85 97 109 133 145 
120 121 123 124 125 126 127 128 129 130 131 157 169 181 193 205 217 
120 121 122 124 125 126 127 128 129 130 131 229 241 253 265 277 289 
120 121 122 123 125 126 127 128 129 130 131 301 313 325 337 349 361 
120 121 122 123 124 126 127 128 129 130 131 373 385 397 409 421 433 
120 121 122 123 124 125 127 128 129 130 131 445 457 469 481 493 505 
120 121 122 123 124 125 126 128 129 130 131 517 529 541 553 565 577 
120 121 122 123 124 125 126 127 129 130 131 589 601 613 625 637 649 
120 121 122 123 124 125 126 127 128 130 131 661 673 685 697 709 721 
120 121 122 123 124 125 126 127 128 129 131 733 745 757 769 781 793 
120 121 122 123 124 125 126 127 128 129 130 805 817 829 841 853 865 
133 134 135 136 137 138 139 140 141 142 143 1 13 25 37 49 61 
132 134 135 136 137 138 139 140 141 142 143 73 85 97 109 121 145 
132 133 135 136 137 138 139 140 141 142 143 157 169 181 193 205 217 
132 133 134 136 137 138 139 140 141 142 143 229 241 253 265 277 289 
132 133 134 135 137 138 139 140 141 142 143 301 313 325 337 349 361 
132 133 134 135 136 138 139 140 141 142 143 373 385 397 409 421 433 
132 133 134 135 136 137 139 140 141 142 143 445 457 469 481 493 505 
132 133 134 135 136 137 138 140 141 142 143 517 529 541 553 565 577 
132 133 134 135 136 137 138 139 141 142 143 589 601 613 625 637 649 
132 133 134 135 136 137 138 139 140 142 143 661 673 685 697 709 721 
132 133 134 135 136 137 138 139 140 141 143 733 745 757 769 781 793 
132 133 134 135 136 137 138 139 140 141 142 805 817 829 841 853 865 
145 146 147 148 149 150 151 152 153 154 155 1 13 25 37 49 61 
144 146 147 148 149 150 151 152 153 154 155 73 85 97 109 121 133 
144 145 147 148 149 150 151 152 153 154 155 158 170 182 194 206 218 
144 145 146 148 149 150 151 152 153 154 155 230 242 254 266 278 290 
144 145 146 147 149 150 151 152 153 154 155 302 314 326 338 350 362 
144 145 146 147 148 150 151 152 153 154 155 374 386 398 410 422 434 
144 145 146 147 148 149 151 152 153 154 155 446 458 470 482 494 506 
144 145 146 147 148 149 150 152 153 154 155 518 530 542 554 566 578 
144 145 146 147 148 149 150 151 153 154 155 590 602 614 626 638 650 
144 145 146 147 148 149 150 151 152 154 155 662 674 686 698 710 722 
144 145 146 147 148 149 150 151 152 153 155 734 746 758 770 782 794 
144 145 146 147 148 149 150 151 152 153 154 806 818 830 842 854 866 
157 158 159 160 161 162 163 164 165 166 167 2 14 26 38 50 62 
156 158 159 160 161 162 163 164 165 166 167 74 86 98 110 122 134 
156 157 159 160 161 162 163 164 165 166 167 146 170 182 194 206 218 
156 157 158 160 161 162 163 164 165 166 167 230 242 254 266 278 290 
156 157 158 159 161 162 163 164 165 166 167 302 314 326 338 350 362 
156 157 158 159 160 162 163 164 165 166 167 374 386 398 410 422 434 
156 157 158 159 160 161 163 164 165 166 167 446 458 470 482 494 506 
156 157 158 159 160 161 162 164 165 166 167 518 530 542 554 566 578 
156 157 158 159 160 161 162 163 165 166 167 590 602 614 626 638 650 
156 157 158 159 160 161 162 163 164 166 167 662 674 686 698 710 722 
156 157 158 159 160 161 162 163 164 165 167 734 746 758 770 782 794 
156 157 158 159 160 161 162 163 164 165 166 806 818 830 842 854 866 
169 170 171 172 173 174 175 176 177 178 179 2 14 26 38 50 62 
168 170 171 172 173 174 175 176 177 178 179 74 86 98 110 122 134 
168 169 171 172 173 174 175 176 177 178 179 146 158 182 194 206 218 
168 169 170 172 173 174 175 176 177 178 179 230 242 254 266 278 290 
168 169 170 171 173 174 175 176 177 178 179 302 314 326 338 350 362 
168 169 170 171 172 174 175 176 177 178 179 374 386 398 410 422 434 
168 169 170 171 172 173 175 176 177 178 179 446 458 470 482 494 506 
168 169 170 171 172 173 174 176 177 178 179 518 530 542 554 566 578 
168 169 170 171 172 173 174 175 177 178 179 590 602 614 626 638 650 
168 169 170 171 172 173 174 175 176 178 179 662 674 686 698 710 722 
168 169 170 171 172 173 174 175 176 177 179 734 746 758 770 782 794 
168 169 170 171 172 173 174 175 176 177 178 806 818 830 842 854 866 
181 182 183 184 185 186 187 188 189 190 191 2 14 26 38 50 62 
180 182 183 184 185 186 187 188 189 190 191 74 86 98 110 122 134 
180 181 183 184 185 186 187 188 189 190 191 146 158 170 194 206 218 
180 181 182 184 185 186 187 188 189 190 191 230 242 254 266 278 290 
180 181 182 183 185 186 187 188 189 190 191 302 314 326 338 350 362 
180 181 182 183 184 186 187 188 189 190 191 374 386 398 410 422 434 
180 181 182 183 184 185 187 188 189 190 191 446 458 470 482 494 506 
180 181 182 183 184 185 186 188 189 190 191 518 530 542 554 566 578 
180 181 182 183 184 185 186 187 189 190 191 590 602 614 626 638 650 
180 181 182 183 184 185 186 187 188 190 191 662 674 686 698 710 722 
180 181 182 183 184 185 186 187 188 189 191 734 746 758 770 782 794 
180 181 182 183 184 185 186 187 188 189 190 806 818 830 842 854 866 
193 194 195 196 197 198 199 200 201 202 203 2 14 26 38 50 62 
192 194 195 196 197 198 199 200 201 202 203 74 86 98 110 122 134 
192 193 195 196 197 198 199 200 201 202 203 146 158 170 182 206 218 
192 193 194 196 197 198 199 200 201 202 203 230 242 254 266 278 290 
192 193 194 195 197 198 199 200 201 202 203 302 314 326 338 350 362 
192 193 194 195 196 198 199 200 201 202 203 374 386 398 410 422 434 
192 193 194 195 196 197 199 200 201 202 203 446 458 470 482 494 506 
192 193 194 195 196 197 198 200 201 202 203 518 530 542 554 566 578 
192 193 194 195 196 197 198 199 201 202 203 590 602 614 626 638 650 
192 193 194 195 196 197 198 199 200 202 203 662 674 686 698 710 722 
192 193 194 195 196 197 198 199 200 201 203 734 746 758 770 782 794 
192 193 194 195 196 197 198 199 200 201 202 806 818 830 842 854 866 
205 206 207 208 209 210 211 212 213 214 215 2 14 26 38 50 62 
204 206 207 208 209 210 211 212 213 214 215 74 86 98 110 122 134 
204 205 207 208 209 210 211 212 213 214 215 146 158 170 182 194 218 
204 205 206 208 209 210 211 212 213 214 215 230 242 254 266 278 290 
204 205 206 207 209 210 211 212 213 214 215 302 314 326 338 350 362 
204 205 206 207 208 210 211 212 213 214 215 374 386 398 410 422 434 
204 205 206 207 208 209 211 212 213 214 215 446 458 470 482 494 506 
204 205 206 207 208 209 210 212 213 214 215 518 530 542 554 566 578 
204 205 206 207 208 209 210 211 213 214 215 590 602 614 626 638 650 
204 205 206 207 208 209 210 211 212 214 215 662 674 686 698 710 722 
204 205 206 207 208 209 210 211 212 213 215 734 746 758 770 782 794 
204 205 206 207 208 209 210 211 212 213 214 806 818 830 842 854 866 
217 218 219 220 221 222 223 224 225 226 227 2 14 26 38 50 62 
216 218 219 220 221 222 223 224 225 226 227 74 86 98 110 122 134 
216 217 219 220 221 222 223 224 225 226 227 146 158 170 182 194 206 
216 217 218 220 221 222 223 224 225 226 227 231 243 255 267 279 291 
216 217 218 219 221 222 223 224 225 226 227 303 315 327 339 351 363 
216 217 218 219 220 222 223 224 225 226 227 375 387 399 411 423 435 
216 217 218 219 220 221 223 224 225 226 227 447 459 471 483 495 507 
216 217 218 219 220 221 222 224 225 226 227 519 531 543 555 567 579 
216 217 218 219 220 221 222 223 225 226 227 591 603 615 627 639 651 
216 217 218 219 220 221 222 223 224 226 227 663 675 687 699 711 723 
216 217 218 219 220 221 222 223 224 225 227 735 747 759 771 783 795 
216 217 218 219 220 221 222 223 224 225 226 807 819 831 843 855 867 
229 230 231 232 233 234 235 236 237 238 239 3 15 27 39 51 63 
228 230 231 232 233 234 235 236 237 238 239 75 87 99 111 123 135 
228 229 231 232 233 234 235 236 237 238 239 147 159 171 183 195 207 
228 229 230 232 233 234 235 236 237 238 239 219 243 255 267 279 291 
228 229 230 231 233 234 235 236 237 238 239 303 315 327 339 351 363 
228 229 230 231 232 234 235 236 237 238 239 375 387 399 411 423 435 
228 229 230 231 232 233 235 236 237 238 239 447 459 471 483 495 507 
228 229 230 231 232 233 234 236 237 238 239 519 531 543 555 567 579 
228 229 230 231 232 233 234 235 237 238 239 591 603 615 627 639 651 
228 229 230 231 232 233 234 235 236 238 239 663 675 687 699 711 723 
228 229 230 231 232 233 234 235 236 237 239 735 747 759 771 783 795 
228 229 230 231 232 233 234 235 236 237 238 807 819 831 843 855 867 
241 242 243 244 245 246 247 248 249 250 251 3 15 27 39 51 63 
240 242 243 244 245 246 247 248 249 250 251 75 87 99 111 123 135 
240 241 243 244 245 246 247 248 249 250 251 147 159 171 183 195 207 
240 241 242 244 245 246 247 248 249 250 251 219 231 255 267 279 291 
240 241 242 243 245 246 247 248 249 250 251 303 315 327 339 351 363 
240 241 242 243 244 246 247 248 249 250 251 375 387 399 411 423 435 
240 241 242 243 244 245 247 248 249 250 251 447 459 471 483 495 507 
240 241 242 243 244 245 246 248 249 250 251 519 531 543 555 567 579 
240 241 242 243 244 245 246 247 249 250 251 591 603 615 627 639 651 
240 241 242 243 244 245 246 247 248 250 251 663 675 687 699 711 723 
240 241 242 243 244 245 246 247 248 249 251 735 747 759 771 783 795 
240 241 242 243 244 245 246 247 248 249 250 807 819 831 843 855 867 
253 254 255 256 257 258 259 260 261 262 263 3 15 27 39 51 63 
252 254 255 256 257 258 259 260 261 262 263 75 87 99 111 123 135 
252 253 255 256 257 258 259 260 261 262 263 147 159 171 183 195 207 
252 253 254 256 257 258 259 260 261 262 263 219 231 243 267 279 291 
252 253 254 255 257 258 259 260 261 262 263 303 315 327 339 351 363 
252 253 254 255 256 258 259 260 261 262 263 375 387 399 411 423 435 
252 253 254 255 256 257 259 260 261 262 263 447 459 471 483 495 507 
252 253 254 255 256 257 258 260 261 262 263 519 531 543 555 567 579 
252 253 254 255 256 257 258 259 261 262 263 591 603 615 627 639 651 
252 253 254 255 256 257 258 259 260 262 263 663 675 687 699 711 723 
252 253 254 255 256 257 258 259 260 261 263 735 747 759 771 783 795 
252 253 254 255 256 257 258 259 260 261 262 807 819 831 843 855 867 
265 266 267 268 269 270 271 272 273 274 275 3 15 27 39 51 63 
264 266 267 268 269 270 271 272 273 274 275 75 87 99 111 123 135 
264 265 267 268 269 270 271 272 273 274 275 147 159 171 183 195 207 
264 265 266 268 269 270 271 272 273 274 275 219 231 243 255 279 291 
264 265 266 267 269 270 271 272 273 274 275 303 315 327 339 351 363 
264 265 266 267 268 270 271 272 273 274 275 375 387 399 411 423 435 
264 265 266 267 268 269 271 272 273 274 275 447 459 471 483 495 507 
264 265 266 267 268 269 270 272 273 274 275 519 531 543 555 567 579 
264 265 266 267 268 269 270 271 273 274 275 591 603 615 627 639 651 
264 265 266 267 268 269 270 271 272 274 275 663 675 687 699 711 723 
264 265 266 267 268 269 270 271 272 273 275 735 747 759 771 783 795 
264 265 266 267 268 269 270 271 272 273 274 807 819 831 843 855 867 
277 278 279 280 281 282 283 284 285 286 287 3 15 27 39 51 63 
276 278 279 280 281 282 283 284 285 286 287 75 87 99 111 123 135 
276 277 279 280 281 282 283 284 285 286 287 147 159 171 183 195 207 
276 277 278 280 281 282 283 284 285 286 287 219 231 243 255 267 291 
276 277 278 279 281 282 283 284 285 286 287 303 315 327 339 351 363 
276 277 278 279 280 282 283 284 285 286 287 375 387 399 411 423 435 
276 277 278 279 280 281 283 284 285 286 287 447 459 471 483 495 507 
276 277 278 279 280 281 282 284 285 286 287 519 531 543 555 567 579 
276 277 278 279 280 281 282 283 285 286 287 591 603 615 627 639 651 
276 277 278 279 280 281 282 283 284 286 287 663 675 687 699 711 723 
276 277 278 279 280 281 282 283 284 285 287 735 747 759 771 783 795 
276 277 278 279 280 281 282 283 284 285 286 807 819 831 843 855 867 
289 290 291 292 293 294 295 296 297 298 299 3 15 27 39 51 63 
288 290 291 292 293 294 295 296 297 298 299 75 87 99 111 123 135 
288 289 291 292 293 294 295 296 297 298 299 147 159 171 183 195 207 
288 289 290 292 293 294 295 296 297 298 299 219 231 243 255 267 279 
288 289 290 291 293 294 295 296 297 298 299 304 316 328 340 352 364 
288 289 290 291 292 294 295 296 297 298 299 376 388 400 412 424 436 
288 289 290 291 292 293 295 296 297 298 299 448 460 472 484 496 508 
288 289 290 291 292 293 294 296 297 298 299 520 532 544 556 568 580 
288 289 290 291 292 293 294 295 297 298 299 592 604 616 628 640 652 
288 289 290 291 292 293 294 295 296 298 299 664 676 688 700 712 724 
288 289 290 291 292 293 294 295 296 297 299 736 748 760 772 784 796 
288 289 290 291 292 293 294 295 296 297 298 808 820 832 844 856 868 
301 302 303 304 305 306 307 308 309 310 311 4 16 28 40 52 64 
300 302 303 304 305 306 307 308 309 310 311 76 88 100 112 124 136 
300 301 303 304 305 306 307 308 309 310 311 148 160 172 184 196 208 
300 301 302 304 305 306 307 308 309 310 311 220 232 244 256 268 280 
300 301 302 303 305 306 307 308 309 310 311 292 316 328 340 352 364 
300 301 302 303 304 306 307 308 309 310 311 376 388 400 412 424 436 
300 301 302 303 304 305 307 308 309 310 311 448 460 472 484 496 508 
300 301 302 303 304 305 306 308 309 310 311 520 532 544 556 568 580 
300 301 302 303 304 305 306 307 309 310 311 592 604 616 628 640 652 
300 301 302 303 304 305 306 307 308 310 311 664 676 688 700 712 724 
300 301 302 303 304 305 306 307 308 309 311 736 748 760 772 784 796 
300 301 302 303 304 305 306 307 308 309 310 808 820 832 844 856 868 
313 314 315 316 317 318 319 320 321 322 323 4 16 28 40 52 64 
312 314 315 316 317 318 319 320 321 322 323 76 88 100 112 124 136 
312 313 315 316 317 318 319 320 321 322 323 148 160 172 184 196 208 
312 313 314 316 317 318 319 320 321 322 323 220 232 244 256 268 280 
312 313 314 315 317 318 319 320 321 322 323 292 304 328 340 352 364 
312 313 314 315 316 318 319 320 321 322 323 376 388 400 412 424 436 
312 313 314 315 316 317 319 320 321 322 323 448 460 472 484 496 508 
312 313 314 315 316 317 318 320 321 322 323 520 532 544 556 568 580 
312 313 314 315 316 317 318 319 321 322 323 592 604 616 628 640 652 
312 313 314 315 316 317 318 319 320 322 323 664 676 688 700 712 724 
312 313 314 315 316 317 318 319 320 321 323 736 748 760 772 784 796 
312 313 314 315 316 317 318 319 320 321 322 808 820 832 844 856 868 
325 326 327 328 329 330 331 332 333 334 335 4 16 28 40 52 64 
324 326 327 328 329 330 331 332 333 334 335 76 88 100 112 124 136 
324 325 327 328 329 330 331 332 333 334 335 148 160 172 184 196 208 
324 325 326 328 329 330 331 332 333 334 335 220 232 244 256 268 280 
324 325 326 327 329 330 331 332 333 334 335 292 304 316 340 352 364 
324 325 326 327 328 330 331 332 333 334 335 376 388 400 412 424 436 
324 325 326 327 328 329 331 332 333 334 335 448 460 472 484 496 508 
324 325 326 327 328 329 330 332 333 334 335 520 532 544 556 568 580 
324 325 326 327 328 329 330 331 333 334 335 592 604 616 628 640 652 
324 325 326 327 328 329 330 331 332 334 335 664 676 688 700 712 724 
324 325 326 327 328 329 330 331 332 333 335 736 748 760 772 784 796 
324 325 326 327 328 329 330 331 332 333 334 808 820 832 844 856 868 
337 338 339 340 341 342 343 344 345 346 347 4 16 28 40 52 64 
336 338 339 340 341 342 343 344 345 346 347 76 88 100 112 124 136 
336 337 339 340 341 342 343 344 345 346 347 148 160 172 184 196 208 
336 337 338 340 341 342 343 344 345 346 347 220 232 244 256 268 280 
336 337 338 339 341 342 343 344 345 346 347 292 304 316 328 352 364 
336 337 338 339 340 342 343 344 345 346 347 376 388 400 412 424 436 
336 337 338 339 340 341 343 344 345 346 347 448 460 472 484 496 508 
336 337 338 339 340 341 342 344 345 346 347 520 532 544 556 568 580 
336 337 338 339 340 341 342 343 345 346 347 592 604 616 628 640 652 
336 337 338 339 340 341 342 343 344 346 347 664 676 688 700 712 724 
336 337 338 339 340 341 342 343 344 345 347 736 748 760 772 784 796 
336 337 338 339 340 341 342 343 344 345 346 808 820 832 844 856 868 
349 350 351 352 353 354 355 356 357 358 359 4 16 28 40 52 64 
348 350 351 352 353 354 355 356 357 358 359 76 88 100 112 124 136 
348 349 351 352 353 354 355 356 357 358 359 148 160 172 184 196 208 
348 349 350 352 353 354 355 356 357 358 359 220 232 244 256 268 280 
348 349 350 351 353 354 355 356 357 358 359 292 304 316 328 340 364 
348 349 350 351 352 354 355 356 357 358 359 376 388 400 412 424 436 
348 349 350 351 352 353 355 356 357 358 359 448 460 472 484 496 508 
348 349 350 351 352 353 354 356 357 358 359 520 532 544 556 568 580 
348 349 350 351 352 353 354 355 357 358 359 592 604 616 628 640 652 
348 349 350 351 352 353 354 355 356 358 359 664 676 688 700 712 724 
348 349 350 351 352 353 354 355 356 357 359 736 748 760 772 784 796 
348 349 350 351 352 353 354 355 356 357 358 808 820 832 844 856 868 
361 362 363 364 365 366 367 368 369 370 371 4 16 28 40 52 64 
360 362 363 364 365 366 367 368 369 370 371 76 88 100 112 124 136 
360 361 363 364 365 366 367 368 369 370 371 148 160 172 184 196 208 
360 361 362 364 365 366 367 368 369 370 371 220 232 244 256 268 280 
360 361 362 363 365 366 367 368 369 370 371 292 304 316 328 340 352 
360 361 362 363 364 366 367 368 369 370 371 377 389 401 413 425 437 
360 361 362 363 364 365 367 368 369 370 371 449 461 473 485 497 509 
360 361 362 363 364 365 366 368 369 370 371 521 533 545 557 569 581 
360 361 362 363 364 365 366 367 369 370 371 593 605 617 629 641 653 
360 361 362 363 364 365 366 367 368 370 371 665 677 689 701 713 725 
360 361 362 363 364 365 366 367 368 369 371 737 749 761 773 785 797 
360 361 362 363 364 365 366 367 368 369 370 809 821 833 845 857 869 
373 374 375 376 377 378 379 380 381 382 383 5 17 29 41 53 65 
372 374 375 376 377 378 379 380 381 382 383 77 89 101 113 125 137 
372 373 375 376 377 378 379 380 381 382 383 149 161 173 185 197 209 
372 373 374 376 377 378 379 380 381 382 383 221 233 245 257 269 281 
372 373 374 375 377 378 379 380 381 382 383 293 305 317 329 341 353 
372 373 374 375 376 378 379 380 381 382 383 365 389 401 413 425 437 
372 373 374 375 376 377 379 380 381 382 383 449 461 473 485 497 509 
372 373 374 375 376 377 378 380 381 382 383 521 533 545 557 569 581 
372 373 374 375 376 377 378 379 381 382 383 593 605 617 629 641 653 
372 373 374 375 376 377 378 379 380 382 383 665 677 689 701 713 725 
372 373 374 375 376 377 378 379 380 381 383 737 749 761 773 785 797 
372 373 374 375 376 377 378 379 380 381 382 809 821 833 845 857 869 
385 386 387 388 389 390 391 392 393 394 395 5 17 29 41 53 65 
384 386 387 388 389 390 391 392 393 394 395 77 89 101 113 125 137 
384 385 387 388 389 390 391 392 393 394 395 149 161 173 185 197 209 
384 385 386 388 389 390 391 392 393 394 395 221 233 245 257 269 281 
384 385 386 387 389 390 391 392 393 394 395 293 305 317 329 341 353 
384 385 386 387 388 390 391 392 393 394 395 365 377 401 413 425 437 
384 385 386 387 388 389 391 392 393 394 395 449 461 473 485 497 509 
384 385 386 387 388 389 390 392 393 394 395 521 533 545 557 569 581 
384 385 386 387 388 389 390 391 393 394 395 593 605 617 629 641 653 
384 385 386 387 388 389 390 391 392 394 395 665 677 689 701 713 725 
384 385 386 387 388 389 390 391 392 393 395 737 749 761 773 785 797 
384 385 386 387 388 389 390 391 392 393 394 809 821 833 845 857 869 
397 398 399 400 401 402 403 404 405 406 407 5 17 29 41 53 65 
396 398 399 400 401 402 403 404 405 406 407 77 89 101 113 125 137 
396 397 399 400 401 402 403 404 405 406 407 149 161 173 185 197 209 
396 397 398 400 401 402 403 404 405 406 407 221 233 245 257 269 281 
396 397 398 399 401 402 403 404 405 406 407 293 305 317 329 341 353 
396 397 398 399 400 402 403 404 405 406 407 365 377 389 413 425 437 
396 397 398 399 400 401 403 404 405 406 407 449 461 473 485 497 509 
396 397 398 399 400 401 402 404 405 406 407 521 533 545 557 569 581 
396 397 398 399 400 401 402 403 405 406 407 593 605 617 629 641 653 
396 397 398 399 400 401 402 403 404 406 407 665 677 689 701 713 725 
396 397 398 399 400 401 402 403 404 405 407 737 749 761 773 785 797 
396 397 398 399 400 401 402 403 404 405 406 809 821 833 845 857 869 
409 410 411 412 413 414 415 416 417 418 419 5 17 29 41 53 65 
408 410 411 412 413 414 415 416 417 418 419 77 89 101 113 125 137 
408 409 411 412 413 414 415 416 417 418 419 149 161 173 185 197 209 
408 409 410 412 413 414 415 416 417 418 419 221 233 245 257 269 281 
408 409 410 411 413 414 415 416 417 418 419 293 305 317 329 341 353 
408 409 410 411 412 414 415 416 417 418 419 365 377 389 401 425 437 
408 409 410 411 412 413 415 416 417 418 419 449 461 473 485 497 509 
408 409 410 411 412 413 414 416 417 418 419 521 533 545 557 569 581 
408 409 410 411 412 413 414 415 417 418 419 593 605 617 629 641 653 
408 409 410 411 412 413 414 415 416 418 419 665 677 689 701 713 725 
408 409 410 411 412 413 414 415 416 417 419 737 749 761 773 785 797 
408 409 410 411 412 413 414 415 416 417 418 809 821 833 845 857 869 
421 422 423 424 425 426 427 428 429 430 431 5 17 29 41 53 65 
420 422 423 424 425 426 427 428 429 430 431 77 89 101 113 125 137 
420 421 423 424 425 426 427 428 429 430 431 149 161 173 185 197 209 
420 421 422 424 425 426 427 428 429 430 431 221 233 245 257 269 281 
420 421 422 423 425 426 427 428 429 430 431 293 305 317 329 341 353 
420 421 422 423 424 426 427 428 429 430 431 365 377 389 401 413 437 
420 421 422 423 424 425 427 428 429 430 431 449 461 473 485 497 509 
420 421 422 423 424 425 426 428 429 430 431 521 533 545 557 569 581 
420 421 422 423 424 425 426 427 429 430 431 593 605 617 629 641 653 
420 421 422 423 424 425 426 427 428 430 431 665 677 689 701 713 725 
420 421 422 423 424 425 426 427 428 429 431 737 749 761 773 785 797 
420 421 422 423 424 425 426 427 428 429 430 809 821 833 845 857 869 
433 434 435 436 437 438 439 440 441 442 443 5 17 29 41 53 65 
432 434 435 436 437 438 439 440 441 442 443 77 89 101 113 125 137 
432 433 435 436 437 438 439 440 441 442 443 149 161 173 185 197 209 
432 433 434 436 437 438 439 440 441 442 443 221 233 245 257 269 281 
432 433 434 435 437 438 439 440 441 442 443 293 305 317 329 341 353 
432 433 434 435 436 438 439 440 441 442 443 365 377 389 401 413 425 
432 433 434 435 436 437 439 440 441 442 443 450 462 474 486 498 510 
432 433 434 435 436 437 438 440 441 442 443 522 534 546 558 570 582 
432 433 434 435 436 437 438 439 441 442 443 594 606 618 630 642 654 
432 433 434 435 436 437 438 439 440 442 443 666 678 690 702 714 726 
432 433 434 435 436 437 438 439 440 441 443 738 750 762 774 786 798 
432 433 434 435 436 437 438 439 440 441 442 810 822 834 846 858 870 
445 446 447 448 449 450 451 452 453 454 455 6 18 30 42 54 66 
444 446 447 448 449 450 451 452 453 454 455 78 90 102 114 126 138 
444 445 447 448 449 450 451 452 453 454 455 150 162 174 186 198 210 
444 445 446 448 449 450 451 452 453 454 455 222 234 246 258 270 282 
444 445 446 447 449 450 451 452 453 454 455 294 306 318 330 342 354 
444 445 446 447 448 450 451 452 453 454 455 366 378 390 402 414 426 
444 445 446 447 448 449 451 452 453 454 455 438 462 474 486 498 510 
444 445 446 447 448 449 450 452 453 454 455 522 534 546 558 570 582 
444 445 446 447 448 449 450 451 453 454 455 594 606 618 630 642 654 
444 445 446 447 448 449 450 451 452 454 455 666 678 690 702 714 726 
444 445 446 447 448 449 450 451 452 453 455 738 750 762 774 786 798 
444 445 446 447 448 449 450 451 452 453 454 810 822 834 846 858 870 
457 458 459 460 461 462 463 464 465 466 467 6 18 30 42 54 66 
456 458 459 460 461 462 463 464 465 466 467 78 90 102 114 126 138 
456 457 459 460 461 462 463 464 465 466 467 150 162 174 186 198 210 
456 457 458 460 461 462 463 464 465 466 467 222 234 246 258 270 282 
456 457 458 459 461 462 463 464 465 466 467 294 306 318 330 342 354 
456 457 458 459 460 462 463 464 465 466 467 366 378 390 402 414 426 
456 457 458 459 460 461 463 464 465 466 467 438 450 474 486 498 510 
456 457 458 459 460 461 462 464 465 466 467 522 534 546 558 570 582 
456 457 458 459 460 461 462 463 465 466 467 594 606 618 630 642 654 
456 457 458 459 460 461 462 463 464 466 467 666 678 690 702 714 726 
456 457 458 459 460 461 462 463 464 465 467 738 750 762 774 786 798 
456 457 458 459 460 461 462 463 464 465 466 810 822 834 846 858 870 
469 470 471 472 473 474 475 476 477 478 479 6 18 30 42 54 66 
468 470 471 472 473 474 475 476 477 478 479 78 90 102 114 126 138 
468 469 471 472 473 474 475 476 477 478 479 150 162 174 186 198 210 
468 469 470 472 473 474 475 476 477 478 479 222 234 246 258 270 282 
468 469 470 471 473 474 475 476 477 478 479 294 306 318 330 342 354 
468 469 470 471 472 474 475 476 477 478 479 366 378 390 402 414 426 
468 469 470 471 472 473 475 476 477 478 479 438 450 462 486 498 510 
468 469 470 471 472 473 474 476 477 478 479 522 534 546 558 570 582 
468 469 470 471 472 473 474 475 477 478 479 594 606 618 630 642 654 
468 469 470 471 472 473 474 475 476 478 479 666 678 690 702 714 726 
468 469 470 471 472 473 474 475 476 477 479 738 750 762 774 786 798 
468 469 470 471 472 473 474 475 476 477 478 810 822 834 846 858 870 
481 482 483 484 485 486 487 488 489 490 491 6 18 30 42 54 66 
480 482 483 484 485 486 487 488 489 490 491 78 90 102 114 126 138 
480 481 483 484 485 486 487 488 489 490 491 150 162 174 186 198 210 
480 481 482 484 485 486 487 488 489 490 491 222 234 246 258 270 282 
480 481 482 483 485 486 487 488 489 490 491 294 306 318 330 342 354 
480 481 482 483 484 486 487 488 489 490 491 366 378 390 402 414 426 
480 481 482 483 484 485 487 488 489 490 491 438 450 462 474 498 510 
480 481 482 483 484 485 486 488 489 490 491 522 534 546 558 570 582 
480 481 482 483 484 485 486 487 489 490 491 594 606 618 630 642 654 
480 481 482 483 484 485 486 487 488 490 491 666 678 690 702 714 726 
480 481 482 483 484 485 486 487 488 489 491 738 750 762 774 786 798 
480 481 482 483 484 485 486 487 488 489 490 810 822 834 846 858 870 
493 494 495 496 497 498 499 500 501 502 503 6 18 30 42 54 66 
492 494 495 496 497 498 499 500 501 502 503 78 90 102 114 126 138 
492 493 495 496 497 498 499 500 501 502 503 150 162 174 186 198 210 
492 493 494 496 497 498 499 500 501 502 503 222 234 246 258 270 282 
492 493 494 495 497 498 499 500 501 502 503 294 306 318 330 342 354 
492 493 494 495 496 498 499 500 501 502 503 366 378 390 402 414 426 
492 493 494 495 496 497 499 500 501 502 503 438 450 462 474 486 510 
492 493 494 495 496 497 498 500 501 502 503 522 534 546 558 570 582 
492 493 494 495 496 497 498 499 501 502 503 594 606 618 630 642 654 
492 493 494 495 496 497 498 499 500 502 503 666 678 690 702 714 726 
492 493 494 495 496 497 498 499 500 501 503 738 750 762 774 786 798 
492 493 494 495 496 497 498 499 500 501 502 810 822 834 846 858 870 
505 506 507 508 509 510 511 512 513 514 515 6 18 30 42 54 66 
504 506 507 508 509 510 511 512 513 514 515 78 90 102 114 126 138 
504 505 507 508 509 510 511 512 513 514 515 150 162 174 186 198 210 
504 505 506 508 509 510 511 512 513 514 515 222 234 246 258 270 282 
504 505 506 507 509 510 511 512 513 514 515 294 306 318 330 342 354 
504 505 506 507 508 510 511 512 513 514 515 366 378 390 402 414 426 
504 505 506 507 508 509 511 512 513 514 515 438 450 462 474 486 498 
504 505 506 507 508 509 510 512 513 514 515 523 535 547 559 571 583 
504 505 506 507 508 509 510 511 513 514 515 595 607 619 631 643 655 
504 505 506 507 508 509 510 511 512 514 515 667 679 691 703 715 727 
504 505 506 507 508 509 510 511 512 513 515 739 751 763 775 787 799 
504 505 506 507 508 509 510 511 512 513 514 811 823 835 847 859 871 
517 518 519 520 521 522 523 524 525 526 527 7 19 31 43 55 67 
516 518 519 520 521 522 523 524 525 526 527 79 91 103 115 127 139 
516 517 519 520 521 522 523 524 525 526 527 151 163 175 187 199 211 
516 517 518 520 521 522 523 524 525 526 527 223 235 247 259 271 283 
516 517 518 519 521 522 523 524 525 526 527 295 307 319 331 343 355 
516 517 518 519 520 522 523 524 525 526 527 367 379 391 403 415 427 
516 517 518 519 520 521 523 524 525 526 527 439 451 463 475 487 499 
516 517 518 519 520 521 522 524 525 526 527 511 535 547 559 571 583 
516 517 518 519 520 521 522 523 525 526 527 595 607 619 631 643 655 
516 517 518 519 520 521 522 523 524 526 527 667 679 691 703 715 727 
516 517 518 519 520 521 522 523 524 525 527 739 751 763 775 787 799 
516 517 518 519 520 521 522 523 524 525 526 811 823 835 847 859 871 
529 530 531 532 533 534 535 536 537 538 539 7 19 31 43 55 67 
528 530 531 532 533 534 535 536 537 538 539 79 91 103 115 127 139 
528 529 531 532 533 534 535 536 537 538 539 151 163 175 187 199 211 
528 529 530 532 533 534 535 536 537 538 539 223 235 247 259 271 283 
528 529 530 531 533 534 535 536 537 538 539 295 307 319 331 343 355 
528 529 530 531 532 534 535 536 537 538 539 367 379 391 403 415 427 
528 529 530 531 532 533 535 536 537 538 539 439 451 463 475 487 499 
528 529 530 531 532 533 534 536 537 538 539 511 523 547 559 571 583 
528 529 530 531 532 533 534 535 537 538 539 595 607 619 631 643 655 
528 529 530 531 532 533 534 535 536 538 539 667 679 691 703 715 727 
528 529 530 531 532 533 534 535 536 537 539 739 751 763 775 787 799 
528 529 530 531 532 533 534 535 536 537 538 811 823 835 847 859 871 
541 542 543 544 545 546 547 548 549 550 551 7 19 31 43 55 67 
540 542 543 544 545 546 547 548 549 550 551 79 91 103 115 127 139 
540 541 543 544 545 546 547 548 549 550 551 151 163 175 187 199 211 
540 541 542 544 545 546 547 548 549 550 551 223 235 247 259 271 283 
540 541 542 543 545 546 547 548 549 550 551 295 307 319 331 343 355 
540 541 542 543 544 546 547 548 549 550 551 367 379 391 403 415 427 
540 541 542 543 544 545 547 548 549 550 551 439 451 463 475 487 499 
540 541 542 543 544 545 546 548 549 550 551 511 523 535 559 571 583 
540 541 542 543 544 545 546 547 549 550 551 595 607 619 631 643 655 
540 541 542 543 544 545 546 547 548 550 551 667 679 691 703 715 727 
540 541 542 543 544 545 546 547 548 549 551 739 751 763 775 787 799 
540 541 542 543 544 545 546 547 548 549 550 811 823 835 847 859 871 
553 554 555 556 557 558 559 560 561 562 563 7 19 31 43 55 67 
552 554 555 556 557 558 559 560 561 562 563 79 91 103 115 127 139 
552 553 555 556 557 558 559 560 561 562 563 151 163 175 187 199 211 
552 553 554 556 557 558 559 560 561 562 563 223 235 247 259 271 283 
552 553 554 555 557 558 559 560 561 562 563 295 307 319 331 343 355 
552 553 554 555 556 558 559 560 561 562 563 367 379 391 403 415 427 
552 553 554 555 556 557 559 560 561 562 563 439 451 463 475 487 499 
552 553 554 555 556 557 558 560 561 562 563 511 523 535 547 571 583 
552 553 554 555 556 557 558 559 561 562 563 595 607 619 631 643 655 
552 553 554 555 556 557 558 559 560 562 563 667 679 691 703 715 727 
552 553 554 555 556 557 558 559 560 561 563 739 751 763 775 787 799 
552 553 554 555 556 557 558 559 560 561 562 811 823 835 847 859 871 
565 566 567 568 569 570 571 572 573 574 575 7 19 31 43 55 67 
564 566 567 568 569 570 571 572 573 574 575 79 91 103 115 127 139 
564 565 567 568 569 570 571 572 573 574 575 151 163 175 187 199 211 
564 565 566 568 569 570 571 572 573 574 575 223 235 247 259 271 283 
564 565 566 567 569 570 571 572 573 574 575 295 307 319 331 343 355 
564 565 566 567 568 570 571 572 573 574 575 367 379 391 403 415 427 
564 565 566 567 568 569 571 572 573 574 575 439 451 463 475 487 499 
564 565 566 567 568 569 570 572 573 574 575 511 523 535 547 559 583 
564 565 566 567 568 569 570 571 573 574 575 595 607 619 631 643 655 
564 565 566 567 568 569 570 571 572 574 575 667 679 691 703 715 727 
564 565 566 567 568 569 570 571 572 573 575 739 751 763 775 787 799 
564 565 566 567 568 569 570 571 572 573 574 811 823 835 847 859 871 
577 578 579 580 581 582 583 584 585 586 587 7 19 31 43 55 67 
576 578 579 580 581 582 583 584 585 586 587 79 91 103 115 127 139 
576 577 579 580 581 582 583 584 585 586 587 151 163 175 187 199 211 
576 577 578 580 581 582 583 584 585 586 587 223 235 247 259 271 283 
576 577 578 579 581 582 583 584 585 586 587 295 307 319 331 343 355 
576 577 578 579 580 582 583 584 585 586 587 367 379 391 403 415 427 
576 577 578 579 580 581 583 584 585 586 587 439 451 463 475 487 499 
576 577 578 579 580 581 582 584 585 586 587 511 523 535 547 559 571 
576 577 578 579 580 581 582 583 585 586 587 596 608 620 632 644 656 
576 577 578 579 580 581 582 583 584 586 587 668 680 692 704 716 728 
576 577 578 579 580 581 582 583 584 585 587 740 752 764 776 788 800 
576 577 578 579 580 581 582 583 584 585 586 812 824 836 848 860 872 
589 590 591 592 593 594 595 596 597 598 599 8 20 32 44 56 68 
588 590 591 592 593 594 595 596 597 598 599 80 92 104 116 128 140 
588 589 591 592 593 594 595 596 597 598 599 152 164 176 188 200 212 
588 589 590 592 593 594 595 596 597 598 599 224 236 248 260 272 284 
588 589 590 591 593 594 595 596 597 598 599 296 308 320 332 344 356 
588 589 590 591 592 594 595 596 597 598 599 368 380 392 404 416 428 
588 589 590 591 592 593 595 596 597 598 599 440 452 464 476 488 500 
588 589 590 591 592 593 594 596 597 598 599 512 524 536 548 560 572 
588 589 590 591 592 593 594 595 597 598 599 584 608 620 632 644 656 
588 589 590 591 592 593 594 595 596 598 599 668 680 692 704 716 728 
588 589 590 591 592 593 594 595 596 597 599 740 752 764 776 788 800 
588 589 590 591 592 593 594 595 596 597 598 812 824 836 848 860 872 
601 602 603 604 605 606 607 608 609 610 611 8 20 32 44 56 68 
600 602 603 604 605 606 607 608 609 610 611 80 92 104 116 128 140 
600 601 603 604 605 606 607 608 609 610 611 152 164 176 188 200 212 
600 601 602 604 605 606 607 608 609 610 611 224 236 248 260 272 284 
600 601 602 603 605 606 607 608 609 610 611 296 308 320 332 344 356 
600 601 602 603 604 606 607 608 609 610 611 368 380 392 404 416 428 
600 601 602 603 604 605 607 608 609 610 611 440 452 464 476 488 500 
600 601 602 603 604 605 606 608 609 610 611 512 524 536 548 560 572 
600 601 602 603 604 605 606 607 609 610 611 584 596 620 632 644 656 
600 601 602 603 604 605 606 607 608 610 611 668 680 692 704 716 728 
600 601 602 603 604 605 606 607 608 609 611 740 752 764 776 788 800 
600 601 602 603 604 605 606 607 608 609 610 812 824 836 848 860 872 
613 614 615 616 617 618 619 620 621 622 623 8 20 32 44 56 68 
612 614 615 616 617 618 619 620 621 622 623 80 92 104 116 128 140 
612 613 615 616 617 618 619 620 621 622 623 152 164 176 188 200 212 
612 613 614 616 617 618 619 620 621 622 623 224 236 248 260 272 284 
612 613 614 615 617 618 619 620 621 622 623 296 308 320 332 344 356 
612 613 614 615 616 618 619 620 621 622 623 368 380 392 404 416 428 
612 613 614 615 616 617 619 620 621 622 623 440 452 464 476 488 500 
612 613 614 615 616 617 618 620 621 622 623 512 524 536 548 560 572 
612 613 614 615 616 617 618 619 621 622 623 584 596 608 632 644 656 
612 613 614 615 616 617 618 619 620 622 623 668 680 692 704 716 728 
612 613 614 615 616 617 618 619 620 621 623 740 752 764 776 788 800 
612 613 614 615 616 617 618 619 620 621 622 812 824 836 848 860 872 
625 626 627 628 629 630 631 632 633 634 635 8 20 32 44 56 68 
624 626 627 628 629 630 631 632 633 634 635 80 92 104 116 128 140 
624 625 627 628 629 630 631 632 633 634 635 152 164 176 188 200 212 
624 625 626 628 629 630 631 632 633 634 635 224 236 248 260 272 284 
624 625 626 627 629 630 631 632 633 634 635 296 308 320 332 344 356 
624 625 626 627 628 630 631 632 633 634 635 368 380 392 404 416 428 
624 625 626 627 628 629 631 632 633 634 635 440 452 464 476 488 500 
624 625 626 627 628 629 630 632 633 634 635 512 524 536 548 560 572 
624 625 626 627 628 629 630 631 633 634 635 584 596 608 620 644 656 
624 625 626 627 628 629 630 631 632 634 635 668 680 692 704 716 728 
624 625 626 627 628 629 630 631 632 633 635 740 752 764 776 788 800 
624 625 626 627 628 629 630 631 632 633 634 812 824 836 848 860 872 
637 638 639 640 641 642 643 644 645 646 647 8 20 32 44 56 68 
636 638 639 640 641 642 643 644 645 646 647 80 92 104 116 128 140 
636 637 639 640 641 642 643 644 645 646 647 152 164 176 188 200 212 
636 637 638 640 641 642 643 644 645 646 647 224 236 248 260 272 284 
636 637 638 639 641 642 643 644 645 646 647 296 308 320 332 344 356 
636 637 638 639 640 642 643 644 645 646 647 368 380 392 404 416 428 
636 637 638 639 640 641 643 644 645 646 647 440 452 464 476 488 500 
636 637 638 639 640 641 642 644 645 646 647 512 524 536 548 560 572 
636 637 638 639 640 641 642 643 645 646 647 584 596 608 620 632 656 
636 637 638 639 640 641 642 643 644 646 647 668 680 692 704 716 728 
636 637 638 639 640 641 642 643 644 645 647 740 752 764 776 788 800 
636 637 638 639 640 641 642 643 644 645 646 812 824 836 848 860 872 
649 650 651 652 653 654 655 656 657 658 659 8 20 32 44 56 68 
648 650 651 652 653 654 655 656 657 658 659 80 92 104 116 128 140 
648 649 651 652 653 654 655 656 657 658 659 152 164 176 188 200 212 
648 649 650 652 653 654 655 656 657 658 659 224 236 248 260 272 284 
648 649 650 651 653 654 655 656 657 658 659 296 308 320 332 344 356 
648 649 650 651 652 654 655 656 657 658 659 368 380 392 404 416 428 
648 649 650 651 652 653 655 656 657 658 659 440 452 464 476 488 500 
648 649 650 651 652 653 654 656 657 658 659 512 524 536 548 560 572 
648 649 650 651 652 653 654 655 657 658 659 584 596 608 620 632 644 
648 649 650 651 652 653 654 655 656 658 659 669 681 693 705 717 729 
648 649 650 651 652 653 654 655 656 657 659 741 753 765 777 789 801 
648 649 650 651 652 653 654 655 656 657 658 813 825 837 849 861 873 
661 662 663 664 665 666 667 668 669 670 671 9 21 33 45 57 69 
660 662 663 664 665 666 667 668 669 670 671 81 93 105 117 129 141 
660 661 663 664 665 666 667 668 669 670 671 153 165 177 189 201 213 
660 661 662 664 665 666 667 668 669 670 671 225 237 249 261 273 285 
660 661 662 663 665 666 667 668 669 670 671 297 309 321 333 345 357 
660 661 662 663 664 666 667 668 669 670 671 369 381 393 405 417 429 
660 661 662 663 664 665 667 668 669 670 671 441 453 465 477 489 501 
660 661 662 663 664 665 666 668 669 670 671 513 525 537 549 561 573 
660 661 662 663 664 665 666 667 669 670 671 585 597 609 621 633 645 
660 661 662 663 664 665 666 667 668 670 671 657 681 693 705 717 729 
660 661 662 663 664 665 666 667 668 669 671 741 753 765 777 789 801 
660 661 662 663 664 665 666 667 668 669 670 813 825 837 849 861 873 
673 674 675 676 677 678 679 680 681 682 683 9 21 33 45 57 69 
672 674 675 676 677 678 679 680 681 682 683 81 93 105 117 129 141 
672 673 675 676 677 678 679 680 681 682 683 153 165 177 189 201 213 
672 673 674 676 677 678 679 680 681 682 683 225 237 249 261 273 285 
672 673 674 675 677 678 679 680 681 682 683 297 309 321 333 345 357 
672 673 674 675 676 678 679 680 681 682 683 369 381 393 405 417 429 
672 673 674 675 676 677 679 680 681 682 683 441 453 465 477 489 501 
672 673 674 675 676 677 678 680 681 682 683 513 525 537 549 561 573 
672 673 674 675 676 677 678 679 681 682 683 585 597 609 621 633 645 
672 673 674 675 676 677 678 679 680 682 683 657 669 693 705 717 729 
672 673 674 675 676 677 678 679 680 681 683 741 753 765 777 789 801 
672 673 674 675 676 677 678 679 680 681 682 813 825 837 849 861 873 
685 686 687 688 689 690 691 692 693 694 695 9 21 33 45 57 69 
684 686 687 688 689 690 691 692 693 694 695 81 93 105 117 129 141 
684 685 687 688 689 690 691 692 693 694 695 153 165 177 189 201 213 
684 685 686 688 689 690 691 692 693 694 695 225 237 249 261 273 285 
684 685 686 687 689 690 691 692 693 694 695 297 309 321 333 345 357 
684 685 686 687 688 690 691 692 693 694 695 369 381 393 405 417 429 
684 685 686 687 688 689 691 692 693 694 695 441 453 465 477 489 501 
684 685 686 687 688 689 690 692 693 694 695 513 525 537 549 561 573 
684 685 686 687 688 689 690 691 693 694 695 585 597 609 621 633 645 
684 685 686 687 688 689 690 691 692 694 695 657 669 681 705 717 729 
684 685 686 687 688 689 690 691 692 693 695 741 753 765 777 789 801 
684 685 686 687 688 689 690 691 692 693 694 813 825 837 849 861 873 
697 698 699 700 701 702 703 704 705 706 707 9 21 33 45 57 69 
696 698 699 700 701 702 703 704 705 706 707 81 93 105 117 129 141 
696 697 699 700 701 702 703 704 705 706 707 153 165 177 189 201 213 
696 697 698 700 701 702 703 704 705 706 707 225 237 249 261 273 285 
696 697 698 699 701 702 703 704 705 706 707 297 309 321 333 345 357 
696 697 698 699 700 702 703 704 705 706 707 369 381 393 405 417 429 
696 697 698 699 700 701 703 704 705 706 707 441 453 465 477 489 501 
696 697 698 699 700 701 702 704 705 706 707 513 525 537 549 561 573 
696 697 698 699 700 701 702 703 705 706 707 585 597 609 621 633 645 
696 697 698 699 700 701 702 703 704 706 707 657 669 681 693 717 729 
696 697 698 699 700 701 702 703 704 705 707 741 753 765 777 789 801 
696 697 698 699 700 701 702 703 704 705 706 813 825 837 849 861 873 
709 710 711 712 713 714 715 716 717 718 719 9 21 33 45 57 69 
708 710 711 712 713 714 715 716 717 718 719 81 93 105 117 129 141 
708 709 711 712 713 714 715 716 717 718 719 153 165 177 189 201 213 
708 709 710 712 713 714 715 716 717 718 719 225 237 249 261 273 285 
708 709 710 711 713 714 715 716 717 718 719 297 309 321 333 345 357 
708 709 710 711 712 714 715 716 717 718 719 369 381 393 405 417 429 
708 709 710 711 712 713 715 716 717 718 719 441 453 465 477 489 501 
708 709 710 711 712 713 714 716 717 718 719 513 525 537 549 561 573 
708 709 710 711 712 713 714 715 717 718 719 585 597 609 621 633 645 
708 709 710 711 712 713 714 715 716 718 719 657 669 681 693 705 729 
708 709 710 711 712 713 714 715 716 717 719 741 753 765 777 789 801 
708 709 710 711 712 713 714 715 716 717 718 813 825 837 849 861 873 
721 722 723 724 725 726 727 728 729 730 731 9 21 33 45 57 69 
720 722 723 724 725 726 727 728 729 730 731 81 93 105 117 129 141 
720 721 723 724 725 726 727 728 729 730 731 153 165 177 189 201 213 
720 721 722 724 725 726 727 728 729 730 731 225 237 249 261 273 285 
720 721 722 723 725 726 727 728 729 730 731 297 309 321 333 345 357 
720 721 722 723 724 726 727 728 729 730 731 369 381 393 405 417 429 
720 721 722 723 724 725 727 728 729 730 731 441 453 465 477 489 501 
720 721 722 723 724 725 726 728 729 730 731 513 525 537 549 561 573 
720 721 722 723 724 725 726 727 729 730 731 585 597 609 621 633 645 
720 721 722 723 724 725 726 727 728 730 731 657 669 681 693 705 717 
720 721 722 723 724 725 726 727 728 729 731 742 754 766 778 790 802 
720 721 722 723 724 725 726 727 728 729 730 814 826 838 850 862 874 
733 734 735 736 737 738 739 740 741 742 743 10 22 34 46 58 70 
732 734 735 736 737 738 739 740 741 742 743 82 94 106 118 130 142 
732 733 735 736 737 738 739 740 741 742 743 154 166 178 190 202 214 
732 733 734 736 737 738 739 740 741 742 743 226 238 250 262 274 286 
732 733 734 735 737 738 739 740 741 742 743 298 310 322 334 346 358 
732 733 734 735 736 738 739 740 741 742 743 370 382 394 406 418 430 
732 733 734 735 736 737 739 740 741 742 743 442 454 466 478 490 502 
732 733 734 735 736 737 738 740 741 742 743 514 526 538 550 562 574 
732 733 734 735 736 737 738 739 741 742 743 586 598 610 622 634 646 
732 733 734 735 736 737 738 739 740 742 743 658 670 682 694 706 718 
732 733 734 735 736 737 738 739 740 741 743 730 754 766 778 790 802 
732 733 734 735 736 737 738 739 740 741 742 814 826 838 850 862 874 
745 746 747 748 749 750 751 752 753 754 755 10 22 34 46 58 70 
744 746 747 748 749 750 751 752 753 754 755 82 94 106 118 130 142 
744 745 747 748 749 750 751 752 753 754 755 154 166 178 190 202 214 
744 745 746 748 749 750 751 752 753 754 755 226 238 250 262 274 286 
744 745 746 747 749 750 751 752 753 754 755 298 310 322 334 346 358 
744 745 746 747 748 750 751 752 753 754 755 370 382 394 406 418 430 
744 745 746 747 748 749 751 752 753 754 755 442 454 466 478 490 502 
744 745 746 747 748 749 750 752 753 754 755 514 526 538 550 562 574 
744 745 746 747 748 749 750 751 753 754 755 586 598 610 622 634 646 
744 745 746 747 748 749 750 751 752 754 755 658 670 682 694 706 718 
744 745 746 747 748 749 750 751 752 753 755 730 742 766 778 790 802 
744 745 746 747 748 749 750 751 752 753 754 814 826 838 850 862 874 
757 758 759 760 761 762 763 764 765 766 767 10 22 34 46 58 70 
756 758 759 760 761 762 763 764 765 766 767 82 94 106 118 130 142 
756 757 759 760 761 762 763 764 765 766 767 154 166 178 190 202 214 
756 757 758 760 761 762 763 764 765 766 767 226 238 250 262 274 286 
756 757 758 759 761 762 763 764 765 766 767 298 310 322 334 346 358 
756 757 758 759 760 762 763 764 765 766 767 370 382 394 406 418 430 
756 757 758 759 760 761 763 764 765 766 767 442 454 466 478 490 502 
756 757 758 759 760 761 762 764 765 766 767 514 526 538 550 562 574 
756 757 758 759 760 761 762 763 765 766 767 586 598 610 622 634 646 
756 757 758 759 760 761 762 763 764 766 767 658 670 682 694 706 718 
756 757 758 759 760 761 762 763 764 765 767 730 742 754 778 790 802 
756 757 758 759 760 761 762 763 764 765 766 814 826 838 850 862 874 
769 770 771 772 773 774 775 776 777 778 779 10 22 34 46 58 70 
768 770 771 772 773 774 775 776 777 778 779 82 94 106 118 130 142 
768 769 771 772 773 774 775 776 777 778 779 154 166 178 190 202 214 
768 769 770 772 773 774 775 776 777 778 779 226 238 250 262 274 286 
768 769 770 771 773 774 775 776 777 778 779 298 310 322 334 346 358 
768 769 770 771 772 774 775 776 777 778 779 370 382 394 406 418 430 
768 769 770 771 772 773 775 776 777 778 779 442 454 466 478 490 502 
768 769 770 771 772 773 774 776 777 778 779 514 526 538 550 562 574 
768 769 770 771 772 773 774 775 777 778 779 586 598 610 622 634 646 
768 769 770 771 772 773 774 775 776 778 779 658 670 682 694 706 718 
768 769 770 771 772 773 774 775 776 777 779 730 742 754 766 790 802 
768 769 770 771 772 773 774 775 776 777 778 814 826 838 850 862 874 
781 782 783 784 785 786 787 788 789 790 791 10 22 34 46 58 70 
780 782 783 784 785 786 787 788 789 790 791 82 94 106 118 130 142 
780 781 783 784 785 786 787 788 789 790 791 154 166 178 190 202 214 
780 781 782 784 785 786 787 788 789 790 791 226 238 250 262 274 286 
780 781 782 783 785 786 787 788 789 790 791 298 310 322 334 346 358 
780 781 782 783 784 786 787 788 789 790 791 370 382 394 406 418 430 
780 781 782 783 784 785 787 788 789 790 791 442 454 466 478 490 502 
780 781 782 783 784 785 786 788 789 790 791 514 526 538 550 562 574 
780 781 782 783 784 785 786 787 789 790 791 586 598 610 622 634 646 
780 781 782 783 784 785 786 787 788 790 791 658 670 682 694 706 718 
780 781 782 783 784 785 786 787 788 789 791 730 742 754 766 778 802 
780 781 782 783 784 785 786 787 788 789 790 814 826 838 850 862 874 
793 794 795 796 797 798 799 800 801 802 803 10 22 34 46 58 70 
792 794 795 796 797 798 799 800 801 802 803 82 94 106 118 130 142 
792 793 795 796 797 798 799 800 801 802 803 154 166 178 190 202 214 
792 793 794 796 797 798 799 800 801 802 803 226 238 250 262 274 286 
792 793 794 795 797 798 799 800 801 802 803 298 310 322 334 346 358 
792 793 794 795 796 798 799 800 801 802 803 370 382 394 406 418 430 
792 793 794 795 796 797 799 800 801 802 803 442 454 466 478 490 502 
792 793 794 795 796 797 798 800 801 802 803 514 526 538 550 562 574 
792 793 794 795 796 797 798 799 801 802 803 586 598 610 622 634 646 
792 793 794 795 796 797 798 799 800 802 803 658 670 682 694 706 718 
792 793 794 795 796 797 798 799 800 801 803 730 742 754 766 778 790 
792 793 794 795 796 797 798 799 800 801 802 815 827 839 851 863 875 
805 806 807 808 809 810 811 812 813 814 815 11 23 35 47 59 71 
804 806 807 808 809 810 811 812 813 814 815 83 95 107 119 131 143 
804 805 807 808 809 810 811 812 813 814 815 155 167 179 191 203 215 
804 805 806 808 809 810 811 812 813 814 815 227 239 251 263 275 287 
804 805 806 807 809 810 811 812 813 814 815 299 311 323 335 347 359 
804 805 806 807 808 810 811 812 813 814 815 371 383 395 407 419 431 
804 805 806 807 808 809 811 812 813 814 815 443 455 467 479 491 503 
804 805 806 807 808 809 810 812 813 814 815 515 527 539 551 563 575 
804 805 806 807 808 809 810 811 813 814 815 587 599 611 623 635 647 
804 805 806 807 808 809 810 811 812 814 815 659 671 683 695 707 719 
804 805 806 807 808 809 810 811 812 813 815 731 743 755 767 779 791 
804 805 806 807 808 809 810 811 812 813 814 803 827 839 851 863 875 
817 818 819 820 821 822 823 824 825 826 827 11 23 35 47 59 71 
816 818 819 820 821 822 823 824 825 826 827 83 95 107 119 131 143 
816 817 819 820 821 822 823 824 825 826 827 155 167 179 191 203 215 
816 817 818 820 821 822 823 824 825 826 827 227 239 251 263 275 287 
816 817 818 819 821 822 823 824 825 826 827 299 311 323 335 347 359 
816 817 818 819 820 822 823 824 825 826 827 371 383 395 407 419 431 
816 817 818 819 820 821 823 824 825 826 827 443 455 467 479 491 503 
816 817 818 819 820 821 822 824 825 826 827 515 527 539 551 563 575 
816 817 818 819 820 821 822 823 825 826 827 587 599 611 623 635 647 
816 817 818 819 820 821 822 823 824 826 827 659 671 683 695 707 719 
816 817 818 819 820 821 822 823 824 825 827 731 743 755 767 779 791 
816 817 818 819 820 821 822 823 824 825 826 803 815 839 851 863 875 
829 830 831 832 833 834 835 836 837 838 839 11 23 35 47 59 71 
828 830 831 832 833 834 835 836 837 838 839 83 95 107 119 131 143 
828 829 831 832 833 834 835 836 837 838 839 155 167 179 191 203 215 
828 829 830 832 833 834 835 836 837 838 839 227 239 251 263 275 287 
828 829 830 831 833 834 835 836 837 838 839 299 311 323 335 347 359 
828 829 830 831 832 834 835 836 837 838 839 371 383 395 407 419 431 
828 829 830 831 832 833 835 836 837 838 839 443 455 467 479 491 503 
828 829 830 831 832 833 834 836 837 838 839 515 527 539 551 563 575 
828 829 830 831 832 833 834 835 837 838 839 587 599 611 623 635 647 
828 829 830 831 832 833 834 835 836 838 839 659 671 683 695 707 719 
828 829 830 831 832 833 834 835 836 837 839 731 743 755 767 779 791 
828 829 830 831 832 833 834 835 836 837 838 803 815 827 851 863 875 
841 842 843 844 845 846 847 848 849 850 851 11 23 35 47 59 71 
840 842 843 844 845 846 847 848 849 850 851 83 95 107 119 131 143 
840 841 843 844 845 846 847 848 849 850 851 155 167 179 191 203 215 
840 841 842 844 845 846 847 848 849 850 851 227 239 251 263 275 287 
840 841 842 843 845 846 847 848 849 850 851 299 311 323 335 347 359 
840 841 842 843 844 846 847 848 849 850 851 371 383 395 407 419 431 
840 841 842 843 844 845 847 848 849 850 851 443 455 467 479 491 503 
840 841 842 843 844 845 846 848 849 850 851 515 527 539 551 563 575 
840 841 842 843 844 845 846 847 849 850 851 587 599 611 623 635 647 
840 841 842 843 844 845 846 847 848 850 851 659 671 683 695 707 719 
840 841 842 843 844 845 846 847 848 849 851 731 743 755 767 779 791 
840 841 842 843 844 845 846 847 848 849 850 803 815 827 839 863 875 
853 854 855 856 857 858 859 860 861 862 863 11 23 35 47 59 71 
852 854 855 856 857 858 859 860 861 862 863 83 95 107 119 131 143 
852 853 855 856 857 858 859 860 861 862 863 155 167 179 191 203 215 
852 853 854 856 857 858 859 860 861 862 863 227 239 251 263 275 287 
852 853 854 855 857 858 859 860 861 862 863 299 311 323 335 347 359 
852 853 854 855 856 858 859 860 861 862 863 371 383 395 407 419 431 
852 853 854 855 856 857 859 860 861 862 863 443 455 467 479 491 503 
852 853 854 855 856 857 858 860 861 862 863 515 527 539 551 563 575 
852 853 854 855 856 857 858 859 861 862 863 587 599 611 623 635 647 
852 853 854 855 856 857 858 859 860 862 863 659 671 683 695 707 719 
852 853 854 855 856 857 858 859 860 861 863 731 743 755 767 779 791 
852 853 854 855 856 857 858 859 860 861 862 803 815 827 839 851 875 
865 866 867 868 869 870 871 872 873 874 875 11 23 35 47 59 71 
864 866 867 868 869 870 871 872 873 874 875 83 95 107 119 131 143 
864 865 867 868 869 870 871 872 873 874 875 155 167 179 191 203 215 
864 865 866 868 869 870 871 872 873 874 875 227 239 251 263 275 287 
864 865 866 867 869 870 871 872 873 874 875 299 311 323 335 347 359 
864 865 866 867 868 870 871 872 873 874 875 371 383 395 407 419 431 
864 865 866 867 868 869 871 872 873 874 875 443 455 467 479 491 503 
864 865 866 867 868 869 870 872 873 874 875 515 527 539 551 563 575 
864 865 866 867 868 869 870 871 873 874 875 587 599 611 623 635 647 
864 865 866 867 868 869 870 871 872 874 875 659 671 683 695 707 719 
864 865 866 867 868 869 870 871 872 873 875 731 743 755 767 779 791 
864 865 866 867 868 869 870 871 872 873 874 803 815 827 839 851 863 
